[0001] [16250] HEX: 00
[0002] [16250] HEX: 02
[0003] [16250] HEX: 30 36 26 00 0c 30 40 00 fc 30 00 40 3e 00 32 30 00 30 82 40 00 30 0e 00 00 32 30 00
[0004] [16250] HEX: 02
[0005] [16250] HEX: 30 36 26 00 0c 30 40 00 fc 30 00 40 3e 00 32 30 00 30 82 40 00 30 0e 00 00 32 30 00
[0006] [16250] HEX: 02
[0007] [16250] HEX: 30 36 26 00 0c 30 40 00 fc 30 00 40 3e 00 32 30 00 30 82 40 00 30 0e 00 00 32 30 00
[0008] [16250] HEX: 02
[0009] [16250] HEX: 30 36 26 00 0c 30 40 00 fc 30 00 40 3e 00 32 30 00 30 82 40 00 30 0e 00 00 32 30 00
[0010] [16250] HEX: 02
[0011] [16250] HEX: 30 36 26 00 0c 30 40 00 fc 30 00 40 3e 00 32 30 00 30 82 40 00 30 0e 00 00 32 30 00
[0012] [16250] HEX: 02
[0013] [16250] HEX: 30 36 26 00 0c 30 40 00 fc 30 00 40 3e 00 32 30 00 30 82 40 00 30 0e 00 00 32 30 00
[0014] [16250] HEX: 02
[0015] [16250] HEX: 30 36 26 00 0c 30 40 00 fc 30 00 40 3e 00 32 30 00 30 82 40 00 30 0e 00 00 3e 70 00
[0016] [16250] HEX: 02
[0017] [16250] HEX: 30 36 26 00 0c 30 40 00 fc 30 00 40 3e 00 32 30 00 30 82 40 00 30 0e 00 00 32 30 00
[0018] [16250] HEX: 02
[0019] [16250] HEX: 30 36 26 00 0c 30 40 00 fc 30 00 40 3e 00 32 30 00 30 82 40 00 30 0e 00 00 32 30 00
[0020] [16250] HEX: 02
[0021] [16250] HEX: 30 36 26 00 0c 30 40 00 fc 30 00 40 3e 00 32 30 00 30 82 40 00 30 0e 00 00 32 30 00
[0022] [16250] HEX: 08
[0023] [16250] HEX: 19 ff e0 e0 e0 f8 f0 60 f0 00 80 00 30 82 40 00 30 0e 00 00 32 30 00
[0024] [16250] HEX: 02
[0025] [16250] HEX: 30 36 36 00 0c 30 40 00 f0 00 fc fe 00 f0 f8 ff f8 00 00 32 f0
[0026] [16250] HEX: 02
[0027] [16250] HEX: 30 36 26 00 0c 30 40 00 fc 30 00 40 3e 00 32 30 00 30 82 40 00 30 ce 08 f8 f8 fe
[0028] [16250] HEX: 02
[0029] [16250] HEX: 00 82 02 00 00 06 30 00 fc 30 00 40 3e 00 32 00 10 82 40 00 30 88 00 3c 36 00 00
[0030] [16250] HEX: 03
[0031] [16250] HEX: 07
[0032] [16250] HEX: 03
[0033] [16250] HEX: 03
[0034] [16250] HEX: 01
[0035] [16250] HEX: 01
[0036] [16250] HEX: 01
[0037] [16250] HEX: 08
[0038] [16250] HEX: 04
[0039] [16250] HEX: 01
[0040] [16250] HEX: 00
[0041] [16250] HEX: 01 0f
[0042] [16250] HEX: ff
[0043] [16250] HEX: 1f
[0044] [16250] HEX: 00
[0045] [16250] HEX: 07 02 07 01 03 00 30 00 00 0c 20 40 00 fc 30 00 40 00 00 32 30 00 00 82 40 00 30 0e 00 c4 32
[0046] [16250] HEX: 02
[0047] [16250] HEX: 00 30 36 26 00 0c 30 40 00 f4 30 00 40 3e 01 26 80 00 10 82 40 00 30 8e 00 fe b6 00 f2 f2
[0048] [16250] HEX: 02
[0049] [16250] HEX: 30 33 1b 80 fe f6 60 00 ff 18 00 40 3e 00 32 30 00 30 02 40 00 30 8e 00 4c 3e 02 02 cc
[0050] [16250] HEX: 02
[0051] [16250] HEX: 30 36 26 00 06 d8 67 00 8f 30 00 40 fe 03 66 80 07 18 e1 83 20 98 06 e4 04 18 fe 33 10 ff
[0052] [16250] HEX: 02
[0053] [16250] HEX: 30 36 36 00 0c 30 40 00 fc 30 00 40 1e 00 32 30 00 30 82 40 00 30 79 00 0f 37 10 fa
[0054] [16250] HEX: 02
[0055] [16250] HEX: 30 36 26 00 0c 30 40 00 fc 30 00 40 3e 00 32 30 00 30 82 40 00 20 8e 00 42 38 02 32 c0
[0056] [16250] HEX: 02
[0057] [16250] HEX: 30 36 36 00 0c 30 40 00 ec 30 00 40 3e 00 32 20 00 30 82 40 00 30 88 00 0c 3c 02 02 00
[0058] [16250] HEX: 02
[0059] [16250] HEX: 30 36 36 00 0c 30 40 00 fc 30 00 40 3e 00 32 30 00 30 82 40 00 30 8e 00 00 32 30 00
[0060] [16250] HEX: 01
[0061] [16250] HEX: 18 98 00 00 7f 10 00 fc 30 00 40 3e 00 32 30 00 30 82 40 00 30 8e 00 f8 b2 80 f0
[0062] [16250] HEX: 02
[0063] [16250] HEX: 30 36 06 c8 04 7f 90 00 ff 18 80 20 13 20 33 30 0e 06 be 70 30 00 83 8f 00 fc 93 80 f0
[0064] [16250] HEX: 02
[0065] [16250] HEX: 30 36 26 00 0c 30 00 fc 30 00 00 0c 30 02 02 00 30 82 60 c0 06 ff 06 d8 b2 c0 ff
[0066] [16250] HEX: 02
[0067] [16250] HEX: 30 36 26 00 0c 30 00 fc 30 00 40 3e 00 32 30 00 20 82 40 00 30 8e 00 c8 b2 80 f0
[0068] [16250] HEX: 02
[0069] [16250] HEX: 30 36 26 00 0c 10 40 00 fc 30 00 40 3e 00 32 30 00 30 82 40 00 30 8e 00 fe b2 80 f2
[0070] [16250] HEX: 02
[0071] [16250] HEX: 30 36 26 00 00 7e 30 00 fc 30 00 40 3e 00 32 30 00 30 82 40 00 30 8e 00 fc b2 00 f0
[0072] [16250] HEX: 03
[0073] [16250] HEX: 18 1b 1b 80 3c 90 60 00 fc 30 00 40 3e 00 32 30 00 30 82 40 00 30 8e 00 fe b2 80 b2
[0074] [16250] HEX: e2
[0075] [16250] HEX: 30 36 32 80 0d 20 06 c0 fc 30 00 06 e3 00 fa 39 00 bc 70 fe 00 0e 8e 00 fe b2 80 f2
[0076] [16250] HEX: 02
[0077] [16250] HEX: 30 36 26 00 0c 30 40 00 fc 30 00 40 3e 00 32 39 00 9f 83 c0 00 83 e4 0c 30 fe 9b 60
[0078] [16250] HEX: 02
[0079] [16250] HEX: 30 36 26 00 0c 30 40 00 fc 30 00 40 3e 00 32 30 00 30 82 40 00 30 8e 00 fc b2 80 f0
[0080] [16250] HEX: 02
[0081] [16250] HEX: 10 36 26 00 08 00 40 00 fc 30 00 40 3e 00 32 30 00 30 82 40 00 30 8e 00 06 3c 02 32 00
[0082] [16250] HEX: 02
[0083] [16250] HEX: 30 36 26 00 0c 30 40 00 fc 30 00 c0 1e 01 26 80 00 30 82 c0 00 20 0e 00 fe a2 80 f2
[0084] [16250] HEX: 02
[0085] [16250] HEX: f0 26 1b 00 0c 30 40 00 fc 30 00 40 3e 00 32 30 00 30 82 40 00 30 0e 00 fc b2 80 f0
[0086] [16250] HEX: 3f
[0087] [16250] HEX: 06 86 00 06 98 60 80 fc 03 80 40 3e 0f 32 70 c0 06 fc 70 30 00 30 8e 00 fe b2 80 f2
[0088] [16250] HEX: 02
[0089] [16250] HEX: 30 36 26 00 0c 30 00 fc 30 00 e7 0d 10 07 02 06 9c 0f 19 83 cc 7c b0 b2 80
[0090] [16250] HEX: 02
[0091] [16250] HEX: 00 82 02 30 00 7e 30 00 fc 30 00 40 3e 00 32 30 00 30 82 40 00 30 8e 00 fe b2 80 ff
[0092] [16250] HEX: 02
[0093] [16250] HEX: 30 36 26 00 0c 30 40 00 fc 30 00 40 3e 00 32 30 00 30 82 40 00 30 86 00 00 32 30 00
[0094] [16250] HEX: 02
[0095] [16250] HEX: 00 82 02 30 00 7a 30 00 fc 30 00 40 3e 00 32 30 00 30 82 40 00 30 8e 00 00 32 30 00
[0096] [16250] HEX: 02
[0097] [16250] HEX: 30 24 36 00 0c 30 40 00 f4 30 00 40 3e 00 32 30 00 30 82 40 00 30 86 00 00 32 30 00
[0098] [16250] HEX: 02
[0099] [16250] HEX: 27 36 36 00 0c 97 60 00 8f fb 80 c0 0c 30 06 02 00 30 82 40 00 30 0e 00 00 32 30 00
[0100] [16250] HEX: 02
[0101] [16250] HEX: 30 36 26 00 0c 30 40 00 fe 18 00 60 3e 03 3f 8c 00 30 8f 60 40 10 be e0 00 13 30 c0
[0102] [16250] HEX: 02
[0103] [16250] HEX: 30 36 26 00 0c 30 40 00 fc 30 00 40 3e 00 32 30 00 30 82 40 00 30 ce fe 00 32 30 f8
[0104] [16250] HEX: 02
[0105] [16250] HEX: 30 36 26 00 04 30 40 00 fc 30 00 40 3e 00 32 30 00 30 82 00 00 30 8e 00 00 32 30 00
[0106] [16250] HEX: 02
[0107] [16250] HEX: 30 36 26 00 0c 30 40 00 fc 30 00 40 3e 00 32 30 00 30 82 40 00 30 8e 00 00 32 30 00

