[0001] [16250] HEX: 00
[0002] [16250] HEX: 02
[0003] [16250] HEX: 30 36 26 00 0c 30 02 02 c0 fc 30 00 40 3e 00 32 30 00 30 82 40 00 30 0e 00 00 32 30 82
[0004] [16250] HEX: 02
[0005] [16250] HEX: 30 36 36 00 0c 30 02 02 c0 fc 30 00 40 3e 00 32 30 00 30 82 40 00 30 0e 00 00 32 30 82
[0006] [16250] HEX: 02
[0007] [16250] HEX: 30 36 26 00 0c 30 02 02 c0 fc 30 00 40 3e 00 32 30 00 30 82 40 00 30 0e 00 00 32 30 82
[0008] [16250] HEX: 02
[0009] [16250] HEX: 30 36 26 00 0c 30 02 02 c0 fc 30 00 40 3e 00 32 30 00 30 82 40 00 30 0e 00 00 32 30 82
[0010] [16250] HEX: 02
[0011] [16250] HEX: 30 36 36 00 0c 30 02 02 c0 fc 30 00 40 3e 00 32 30 00 30 82 40 00 30 0e 00 00 32 30 82
[0012] [16250] HEX: 02
[0013] [16250] HEX: 30 36 26 00 0c 30 02 02 c0 fc 30 00 40 3e 00 32 30 00 30 82 40 00 30 0e 00 00 32 30 82
[0014] [16250] HEX: 02
[0015] [16250] HEX: 30 36 26 00 0c 30 02 02 c0 fc 30 00 40 3e 00 32 30 00 30 82 40 00 30 0e 00 00 32 30 fe
[0016] [16250] HEX: 02
[0017] [16250] HEX: 30 36 26 00 0c 30 02 02 c0 fc 30 00 40 3e 00 32 30 00 30 82 40 00 30 0e 00 00 32 30 82
[0018] [16250] HEX: 02
[0019] [16250] HEX: 30 36 26 00 0c 30 02 02 c0 fc 30 00 40 3e 00 32 30 00 30 82 40 00 30 0e 00 00 32 30 82

[0020] [16250] HEX: 02
[0021] [16250] HEX: 30 36 26 00 0c 30 02 02 c0 fc 30 00 40 3e 00 32 30 00 30 82 40 00 30 0e 00 82 bc 02 f2 f0
[0022] [16250] HEX: fc
[0023] [16250] HEX: 10 c0 f8 f2 20 3e f8 70 e2 19 00 30 82 40 00 30 00 be 92 00 82 f0
[0024] [16250] HEX: 02
[0025] [16250] HEX: 30 36 36 00 0c 20 02 02 c0 fc 0c 1a ff ff fc 04 82 f3 32 4e 3c 7f b2 fc
[0026] [16250] HEX: 02
[0027] [16250] HEX: 30 36 26 00 0c 20 02 02 c0 fc 30 00 40 3a 00 30 30 00 30 80 40 00 30 4e 00 ff 6e 06 ff

[0028] [16250] HEX: 02
[0029] [16250] HEX: 30 16 26 00 0c 30 02 02 c0 fc 30 00 40 3e 00 32 30 00 30 82 40 00 30 4e 00 0e 4c 00 00 fe
[0030] [16250] HEX: 02
[0031] [16250] HEX: 30 36 26 00 0c 30 02 02 c0 fc 30 00 40 3e 00 32 30 00 30 82 40 00 30 0e 00 72 0c 80 3c fe
[0032] [16250] HEX: 02
[0033] [16250] HEX: 30 36 26 00 0c 30 02 02 c0 fc 30 00 40 34 00 30 30 00 30 80 40 00 20 4e 00 ce 4c 80 80 ca

[0034] [16250] HEX: c2
[0035] [16250] HEX: f8 02 7e fe e0 30 7f 18 03 6c 80 00 30 82 40 00 30 4e 00 30 4c 80 bc fe
[0036] [16250] HEX: 02
[0037] [16250] HEX: 30 36 26 00 0c 30 80 00 fe fe 40 7f 32 f0 83 ff 19 04 cc cc ff ce
[0038] [16250] HEX: 02
[0039] [16250] HEX: 30 36 26 00 0c 30 02 02 c0 fc 30 00 c0 1e 01 26 80 00 20 02 40 00 ff 2b 62 fe fe fc

[0040] [16250] HEX: 02
[0041] [16250] HEX: 30 36 22 00 0c 30 02 02 c0 fc 30 00 00 0c 30 02 02 00 30 82 40 00 30 4e 00 3e 32 02 02 fc
[0042] [16250] HEX: 02
[0043] [16250] HEX: 30 36 26 00 0c 30 02 02 c0 fc 30 00 40 3e 00 32 30 00 30 82 40 00 30 4e 00 40 32 02 f2 f0
[0044] [16250] HEX: 02
[0045] [16250] HEX: 30 36 26 00 0c 30 02 06 c0 fc 30 00 40 3e 00 32 30 00 30 82 40 00 30 4e 00 40 32 02 f2 f0

[0046] [16250] HEX: 07
[0047] [16250] HEX: de 90 84 13 d0 7e 0c 00 40 2e 00 32 30 00 30 82 40 00 30 4e 00 42 32 02 42 f0
[0048] [16250] HEX: 02
[0049] [16250] HEX: 20 36 be 63 93 03 c0 f8 f8 7f 9e d8 18 e0 86 e0 62 fe f2 8c 32 80 0c fe
[0050] [16250] HEX: 02
[0051] [16250] HEX: 30 36 26 00 0c 30 02 02 c0 fc 30 00 40 3e 00 32 30 00 30 f0 12 cc fe fc 80 8c

[0052] [16250] HEX: 02
[0053] [16250] HEX: 30 36 26 00 0c 30 02 02 c0 fc 30 00 40 3e 00 32 20 00 30 82 40 00 30 4e 00 42 32 02 c2 f0
[0054] [16250] HEX: 02
[0055] [16250] HEX: 30 36 26 00 0c 30 02 02 c0 fc 30 00 40 3e 00 32 30 00 30 82 40 00 30 4e 00 42 32 02 c2 70
[0056] [16250] HEX: 02
[0057] [16250] HEX: 30 36 26 00 0c 20 02 02 c0 fc 30 00 40 3e 00 32 30 00 30 82 40 00 30 4e 00 4c 32 02 32 f0

[0058] [16250] HEX: fe
[0059] [16250] HEX: f6 46 40 1b 10 00 fc 30 00 40 3e 00 32 30 00 30 82 40 00 30 4e 00 70 32 02 f2 f0
[0060] [16250] HEX: 60
[0061] [16250] HEX: f9 de fe fc f0 fe 80 e7 72 3a c0 bc f0 03 02 cc 02 30 42 32 30 80
[0062] [16250] HEX: 02
[0063] [16250] HEX: 30 36 26 00 08 30 02 06 c0 fc 30 00 40 3e 00 be 00 1a 7e fe fe 03 f0

[0064] [16250] HEX: 02
[0065] [16250] HEX: 30 36 26 00 0c 30 02 02 c0 fc 30 00 40 3e 00 22 30 00 30 82 40 00 30 4e 00 4e 32 02 02 f0
[0066] [16250] HEX: 02
[0067] [16250] HEX: 30 36 26 00 0c 30 02 02 c0 fc 30 00 40 3e 00 32 30 00 30 82 40 00 30 4e 00 70 32 00 3e fe
[0068] [16250] HEX: 02
[0069] [16250] HEX: 30 36 26 00 0c 30 02 02 c0 fc 30 00 40 3e 00 32 30 00 30 82 40 00 30 4e 00 70 32 02 f2 f0

[0070] [16250] HEX: 02
[0071] [16250] HEX: 83 02 30 00 32 30 00 fc 30 00 40 3e 00 32 30 00 30 82 40 00 30 4e 00 70 32 02 f2 f0
[0072] [16250] HEX: 3e
[0073] [16250] HEX: ff 00 00 fa e0 7e 3e 08 f6 02 c2 bf 82 40 00 30 4e 00 70 32 02 f2 f0
[0074] [16250] HEX: 02
[0075] [16250] HEX: 30 36 26 00 0c 30 02 02 c0 fc 30 00 f0 02 36 fe 86 82 f8 d8 df fc 1b 22 86 f4

[0076] [16250] HEX: 02
[0077] [16250] HEX: 10 36 26 00 0c 30 02 02 c0 fc 30 00 40 3e 00 32 30 00 30 02 40 00 30 4e 00 32 32 3a fe
[0078] [16250] HEX: 02
[0079] [16250] HEX: 30 36 26 00 0c 30 02 02 c0 fc 30 00 40 3e 00 32 30 00 30 82 40 00 30 4e 00 72 32 02 c2 f0
[0080] [16250] HEX: 02
[0081] [16250] HEX: 30 26 26 00 0c 30 02 00 ec 30 00 40 3e 00 32 30 00 30 82 40 00 30 4e 00 72 32 02 c2 f0

[0082] [16250] HEX: 02
[0083] [16250] HEX: 30 36 26 00 0c 30 02 02 c0 d4 30 00 40 3e 00 32 30 00 30 82 40 00 30 44 00 72 32 02 c2 f0
[0084] [16250] HEX: 02
[0085] [16250] HEX: b0 b0 e2 36 06 d0 e6 06 e3 d0 02 02 00 30 80 40 00 30 4e 00 72 32 02 c2 f0
[0086] [16250] HEX: 02
[0087] [16250] HEX: 30 36 26 00 0c 30 02 02 c0 f0 f2 ff be fe 80 f0 4e 06 67 c0 01 c0
[0088] [16250] HEX: 02
[0089] [16250] HEX: 10 36 26 00 0c 30 02 02 c0 fc 30 00 40 3e 00 32 30 00 30 82 40 00 30 ce 7e 72 32 fe

[0090] [16250] HEX: 02
[0091] [16250] HEX: 30 36 26 00 0c 30 02 02 c0 fc 30 00 40 3e 00 32 30 00 30 82 40 00 30 4e 00 72 32 02 c2 f0
[0092] [16250] HEX: 02
[0093] [16250] HEX: 30 36 26 00 0c 10 02 02 c0 fc 30 00 40 3e 00 32 30 00 30 82 40 00 10 4e 00 7c 32 02 32 f0
[0094] [16250] HEX: 02
[0095] [16250] HEX: 30 36 24 00 0c 30 02 02 c0 fc 30 00 00 0c 30 02 02 00 30 82 40 00 30 4e 00 7c 32 02 30 f0

[0096] [16250] HEX: e0
[0097] [16250] HEX: ff c2 13 e0 f0 fe 40 40 3e 00 32 30 00 30 82 40 00 30 ce 00 72 32 02 c2 f0
[0098] [16250] HEX: 02
[0099] [16250] HEX: 30 36 26 00 0c 30 ce 00 fe 1e 1e 02 e2 d8 7e 3f 30 82 7c f2 c3
[0100] [16250] HEX: 02
[0101] [16250] HEX: 30 36 36 00 0c 30 02 02 c0 fc 30 00 40 38 00 32 30 00 30 82 40 00 3e 6f 8e f2 fe fe

[0102] [16250] HEX: 02
[0103] [16250] HEX: 30 36 06 00 0c 30 02 02 c0 fc 30 00 40 3e 00 30 30 00 30 82 40 00 30 4e 00 7c 32 02 30 f0
[0104] [16250] HEX: 02
[0105] [16250] HEX: 20 36 26 00 0c 30 02 02 c0 fc 30 00 40 3e 00 32 30 00 30 82 40 00 30 4e 00 7c 32 02 32 f0
[0106] [16250] HEX: 02
[0107] [16250] HEX: 30 36 26 00 0c 30 02 02 c0 fc 30 00 40 3e 00 32 30 00 30 82 40 00 30 4e 00 7c 32 02 32 f0

