[0001] [16250] HEX: 00
[0002] [16250] HEX: 02
[0003] [16250] HEX: 30 36 26 00 0c 30 02 02 c0 8c 30 00 80 32 00 32 30 00 30 82 40 00 30 0e 00 00 32 30 f0
[0004] [16250] HEX: 02
[0005] [16250] HEX: 30 36 26 00 0c 30 02 02 c0 8c 30 00 80 32 00 32 30 00 30 82 40 00 30 0e 00 00 32 30 f0
[0006] [16250] HEX: 02
[0007] [16250] HEX: 30 36 26 00 0c 30 02 02 c0 8c 30 00 80 32 00 32 30 00 30 82 40 00 30 0e 00 00 32 30 f0
[0008] [16250] HEX: 02
[0009] [16250] HEX: 30 36 26 00 0c 30 02 02 c0 8c 30 00 80 32 00 32 30 00 30 82 40 00 30 0e 00 00 32 30 f0
[0010] [16250] HEX: 02
[0011] [16250] HEX: 30 36 26 00 0c 30 02 02 c0 8c 30 00 80 32 00 32 30 00 30 82 40 00 30 0e 00 00 32 30 f0
[0012] [16250] HEX: 02
[0013] [16250] HEX: 30 36 26 00 0c 30 02 02 c0 8c 30 00 00 32 00 32 30 00 30 82 40 00 30 0e 00 00 32 30 f0
[0014] [16250] HEX: 02
[0015] [16250] HEX: 30 36 26 00 0c 30 02 02 c0 8c 30 00 80 32 00 32 30 00 30 82 40 00 30 0e 00 00 32 f0 ff ff
[0016] [16250] HEX: 02
[0017] [16250] HEX: 30 36 26 00 0c 30 02 02 c0 8c 30 00 80 32 00 32 30 00 30 82 40 00 30 0e 00 00 32 30 f0
[0018] [16250] HEX: 02
[0019] [16250] HEX: 30 36 26 00 0c 30 02 02 c0 8c 30 00 80 32 00 32 30 00 30 82 40 00 30 0e 00 00 32 30 f0

[0020] [16250] HEX: 02
[0021] [16250] HEX: 30 36 26 00 0c 30 02 02 c0 8c 30 00 80 32 00 32 30 00 30 82 40 00 30 0e 00 00 32 30 f0
[0022] [16250] HEX: 80
[0023] [16250] HEX: b0 00 00 80 c0 fe 00 64 0c f0 03 0f 80 30 82 40 00 30 0e 00 30 38 02 c2 fc
[0024] [16250] HEX: 02
[0025] [16250] HEX: 30 36 00 0c 30 00 00 9c 00 f2 fe ff fe 18 fa 3e 9e 8c 09 fe
[0026] [16250] HEX: 02
[0027] [16250] HEX: 30 06 26 00 08 30 02 04 c0 8c 30 00 80 32 00 32 30 00 30 02 40 00 30 00 00 fe 32 ff

[0028] [16250] HEX: 02
[0029] [16250] HEX: 30 36 36 00 0c 30 02 02 c0 8c 30 00 80 32 00 32 30 00 30 00 40 00 30 ce 00 38 4c 80 c2 1c
[0030] [16250] HEX: 02
[0031] [16250] HEX: 30 36 26 00 04 30 02 02 c0 8c 10 00 80 32 00 32 30 00 30 82 40 00 30 4e 00 ce b0 02 02 80
[0032] [16250] HEX: 02
[0033] [16250] HEX: 30 36 06 00 0c 30 02 02 c0 8c 30 00 00 30 00 32 30 00 30 80 40 00 20 4e 00 cc b0 02 32 00

[0034] [16250] HEX: fa
[0035] [16250] HEX: ec ff fe be e0 c6 d8 9e 33 00 32 30 00 30 02 40 00 30 4e 00 cc b0 00 32 f0
[0036] [16250] HEX: 02
[0037] [16250] HEX: 30 36 26 00 0c b0 82 02 fe 3e fe ff 26 e0 f8 de 12 30 fe c0 1b f8
[0038] [16250] HEX: 02
[0039] [16250] HEX: 30 36 26 00 0c 30 02 02 c0 8c 30 00 80 32 00 32 30 00 30 80 40 38 fe 32 fe fe

[0040] [16250] HEX: 02
[0041] [16250] HEX: 30 04 26 00 0c 30 02 02 c0 84 30 00 80 32 00 32 30 00 30 82 40 00 30 4e 00 cc 10 02 32 80
[0042] [16250] HEX: 02
[0043] [16250] HEX: 30 36 26 00 0c 30 02 02 c0 0c 30 00 80 32 00 32 30 00 30 82 40 00 20 4e 00 cc b0 02 32 80
[0044] [16250] HEX: 02
[0045] [16250] HEX: 30 36 26 00 0c 30 02 00 8c 30 00 00 32 00 32 20 00 30 82 40 00 30 4e 00 cc 90 02 32 80

[0046] [16250] HEX: c6
[0047] [16250] HEX: 92 c6 26 e0 1c 0d 00 80 32 00 32 30 00 20 02 40 00 30 4e 00 70 b0 02 f2 00
[0048] [16250] HEX: 02
[0049] [16250] HEX: 30 36 3e 40 52 fe fe fe c0 c0 e0 8f c2 f9 00 f0 03 c2 b0 02 32 80
[0050] [16250] HEX: 02
[0051] [16250] HEX: 30 36 26 00 0c 30 02 02 c0 8c 30 00 80 32 00 32 10 00 3e 38 bf fe fe fb ce 32 30 f3

[0052] [16250] HEX: 02
[0053] [16250] HEX: 10 36 36 00 0c 30 02 02 c0 8c 30 00 80 32 00 32 30 00 30 82 40 00 30 4e 00 cc b0 02 32 00
[0054] [16250] HEX: 02
[0055] [16250] HEX: 30 36 26 00 0c 30 02 02 c0 0c 30 00 80 32 00 32 30 00 30 82 40 00 30 ce 00 cc 30 02 06 00
[0056] [16250] HEX: 00
[0057] [16250] HEX: b0 b0 00 0c 30 02 02 c0 8c 30 00 80 32 00 32 30 00 30 82 40 00 30 0e 00 f0 b0 02 f2 00

[0058] [16250] HEX: c8
[0059] [16250] HEX: 81 c1 00 33 30 00 8c 30 00 80 32 00 32 30 00 20 02 40 00 30 4e 00 4c b0 02 32 80
[0060] [16250] HEX: 0f
[0061] [16250] HEX: 36 c0 ff 7d 00 fe 80 8e ce b2 03 30 fe 1a 82 10 4e 00 ce b0 02 02 80
[0062] [16250] HEX: 02
[0063] [16250] HEX: 30 30 26 00 0c 30 02 06 c0 8c 30 00 80 32 00 fe 0c 3a fe fc 4e e0 b1 6e ce

[0064] [16250] HEX: 02
[0065] [16250] HEX: 30 36 26 00 0c 30 02 02 c0 8c 30 00 80 32 00 32 30 00 30 82 40 00 30 4e 00 ce b0 02 02 80
[0066] [16250] HEX: 02
[0067] [16250] HEX: 30 36 26 00 0c 30 02 02 c0 8c 30 00 80 32 00 32 30 00 30 82 40 00 30 4e 00 ce a0 02 02 80
[0068] [16250] HEX: 02
[0069] [16250] HEX: 30 36 26 00 0c 30 02 02 c0 8c 30 00 80 32 00 32 30 00 30 82 40 00 30 4e 00 cc b0 02 06 80

[0070] [16250] HEX: 00
[0071] [16250] HEX: b3 07 33 00 32 30 00 0c 30 00 80 32 00 32 30 00 30 82 00 00 30 0e 00 ce b0 02 02 80
[0072] [16250] HEX: 02
[0073] [16250] HEX: 7e fe 1c 6c 0c 80 3f f2 30 fe e0 60 c4 a0 40 00 30 4e 00 cc b0 02 32 80
[0074] [16250] HEX: 02
[0075] [16250] HEX: 30 36 26 00 0c 30 02 02 80 8c 00 80 fe 07 13 3e ff fc 00 f8 1e 39 fe

[0076] [16250] HEX: 02
[0077] [16250] HEX: 30 36 26 00 0c 30 02 02 c0 0c 30 00 00 32 00 32 30 00 30 82 40 00 30 0e 00 ce b0 02 ce ee
[0078] [16250] HEX: 02
[0079] [16250] HEX: 30 06 26 00 0c 30 02 02 c0 8c 30 00 80 32 00 32 30 00 30 82 40 00 30 4a 00 ce b0 02 02 80
[0080] [16250] HEX: 02
[0081] [16250] HEX: 30 36 26 00 0c 30 02 02 c0 8c 30 00 80 32 00 32 30 00 30 82 40 00 30 4e 00 cc b0 02 32 80

[0082] [16250] HEX: 0a
[0083] [16250] HEX: 30 26 26 00 08 30 02 02 c0 0c 30 00 80 32 00 32 30 00 30 82 40 00 30 0e 00 ce b0 02 02 80
[0084] [16250] HEX: 7c
[0085] [16250] HEX: 82 12 9e fe 02 fc f0 20 e2 1b 12 00 30 82 40 00 30 4e 00 ce a0 02 02 80
[0086] [16250] HEX: 02
[0087] [16250] HEX: 30 36 26 00 0c 30 02 06 c0 ff 03 03 ff fe 0c 02 fc f0 3e 4f 92 f8 18 c3
[0088] [16250] HEX: 02
[0089] [16250] HEX: 30 36 36 00 0c 30 02 02 c0 8c 30 00 00 32 00 32 20 00 30 02 40 00 30 4e 9c 07 c0 ff

[0090] [16250] HEX: 02
[0091] [16250] HEX: 20 36 26 00 0c 30 02 02 c0 8c 30 00 80 32 00 32 30 00 30 82 40 00 30 4e 00 ce b0 02 02 80
[0092] [16250] HEX: 02
[0093] [16250] HEX: 30 36 26 00 0c 30 02 02 c0 8c 30 00 80 32 00 12 30 00 30 82 40 00 30 4e 00 ce b0 02 02 80
[0094] [16250] HEX: 02
[0095] [16250] HEX: 10 36 26 00 0c 30 02 02 c0 8c 30 00 80 32 00 32 30 00 30 82 40 00 30 4e 00 ce b0 02 02 80

[0096] [16250] HEX: e2
[0097] [16250] HEX: 7e c6 02 ec 0f cc 30 32 42 00 32 30 00 30 82 40 00 30 4e 00 ce b0 02 02 00
[0098] [16250] HEX: 02
[0099] [16250] HEX: 10 36 26 00 0c fe 80 e2 fe fe fc 00 f2 e0 e3 cf 3b f3 00 ce 80 30 f0
[0100] [16250] HEX: 02
[0101] [16250] HEX: 30 36 26 00 0c 30 02 02 c0 8c 30 00 80 32 00 32 30 00 30 82 40 7e f2

[0102] [16250] HEX: ff
[0103] [16250] HEX: fe ff
[0104] [16250] HEX: 02
[0105] [16250] HEX: 20 36 26 00 0c 30 02 02 c0 8c 30 00 80 32 00 32 30 00 30 82 40 00 30 4e 00 4e b0 02 02 80
[0106] [16250] HEX: 02
[0107] [16250] HEX: 30 36 36 00 0c 20 02 02 c0 8c 30 00 80 32 00 32 30 00 30 82 40 00 30 4e 00 ce b0 02 02 00
[0108] [16250] HEX: 02
[0109] [16250] HEX: 30 26 26 00 0c 30 02 02 c0 8c 30 00 80 32 00 32 30 00 30 82 40 00 30 4e 00 4e a0 02 02 80

