[0001] [16250] HEX: 00
[0002] [16250] HEX: 02
[0003] [16250] HEX: 30 36 36 00 0c 30 02 02 c0 fc 30 00 40 3e 00 32 30 00 30 82 40 00 30 0e 00 00 32 30 82
[0004] [16250] HEX: 02
[0005] [16250] HEX: 30 36 26 00 0c 30 02 02 c0 fc 30 00 40 3e 00 32 30 00 30 82 40 00 30 0e 00 00 32 30 82
[0006] [16250] HEX: 02
[0007] [16250] HEX: 30 36 26 00 0c 30 02 02 c0 fc 30 00 40 3e 00 32 30 00 30 82 40 00 30 0e 00 00 32 30 82
[0008] [16250] HEX: 02
[0009] [16250] HEX: 30 36 36 00 0c 30 02 02 c0 fc 30 00 40 3e 00 32 30 00 30 82 40 00 30 0e 00 00 32 30 82
[0010] [16250] HEX: 02
[0011] [16250] HEX: 30 36 26 00 0c 30 02 02 c0 fc 30 00 40 3e 00 32 30 00 30 82 40 00 30 0e 00 00 32 30 82
[0012] [16250] HEX: 02
[0013] [16250] HEX: 30 36 36 00 0c 30 02 02 c0 fc 30 00 40 3e 00 32 30 00 30 82 40 00 30 0e 00 00 32 30 82
[0014] [16250] HEX: 02
[0015] [16250] HEX: 30 36 36 00 0c 30 02 02 c0 fc 30 00 40 3e 00 32 30 00 30 82 40 00 30 0e 00 00 32 30 82
[0016] [16250] HEX: 02
[0017] [16250] HEX: 30 36 26 00 0c 30 02 02 c0 fc 30 00 40 3e 00 32 30 00 30 82 40 00 30 0e 00 00 32 30 82
[0018] [16250] HEX: 02
[0019] [16250] HEX: 30 36 36 00 0c 30 02 02 c0 fc 30 00 40 3e 00 32 30 00 30 82 40 00 30 0e 00 00 32 30 82

[0020] [16250] HEX: 3e
[0021] [16250] HEX: b0 00 0c 30 02 02 c0 fc 30 00 40 3e 00 32 30 00 30 82 40 00 30 0e 00 00 32 30 82
[0022] [16250] HEX: fe
[0023] [16250] HEX: fe 10 f0 fe fe fe ff c0 d9 32 e3 82 40 00 30 0e 00 00 32 30 82
[0024] [16250] HEX: 02
[0025] [16250] HEX: 30 36 26 00 0c 30 02 02 c0 fc 30 9c ce fb ff fe fc 0f d3 fe fe fe fe
[0026] [16250] HEX: 02
[0027] [16250] HEX: 30 36 36 00 0c 30 02 02 c0 fc 30 00 40 3e 00 32 30 00 30 82 40 00 30 0e 00 00 ff 6f

[0028] [16250] HEX: 02
[0029] [16250] HEX: 30 36 26 00 0c 30 02 02 c0 fc 30 00 40 3e 00 32 30 00 30 82 40 00 30 0e 00 00 32 30 82
[0030] [16250] HEX: 02
[0031] [16250] HEX: 30 36 26 00 0c 30 02 02 c0 fc 30 00 40 3e 00 32 30 00 30 82 40 00 30 0e 00 00 32 30 82
[0032] [16250] HEX: 02
[0033] [16250] HEX: 30 36 26 00 0c 30 02 02 c0 fc 30 00 40 3e 00 32 30 00 30 82 40 00 30 0e 00 00 32 30 82

[0034] [16250] HEX: 0c
[0035] [16250] HEX: f2 fe fe fe fe ff 20 d8 b2 80 00 30 82 40 00 30 0e 00 00 32 30 82
[0036] [16250] HEX: 02
[0037] [16250] HEX: 30 36 36 00 0c 30 02 02 e7 f8 f2 ff fe ff 00 f0 fe ff fe fe fe 02 e2
[0038] [16250] HEX: 02
[0039] [16250] HEX: 30 36 36 00 0c 30 02 02 c0 fc 30 00 40 3e 00 32 30 00 30 82 40 00 30 ee ff 07 fb ff
[0040] [16250] HEX: 02
[0041] [16250] HEX: 30 36 26 00 0c 30 02 02 c0 fc 30 00 40 3e 00 32 30 00 30 82 40 00 30 0e 00 00 32 30 82
[0042] [16250] HEX: 02
[0043] [16250] HEX: 30 36 26 00 0c 30 02 02 c0 fc 30 00 40 3e 00 32 30 00 30 82 40 00 30 0e 00 00 32 30 82
[0044] [16250] HEX: 02
[0045] [16250] HEX: 30 36 36 00 0c 30 02 02 c0 fc 30 00 40 3e 00 32 30 00 30 82 40 00 30 0e 00 00 32 30 82
[0046] [16250] HEX: fe
[0047] [16250] HEX: fe fe fe fe 1c 72 7c 02 c8 80 00 30 82 40 00 30 0e 00 00 32 30 82
[0048] [16250] HEX: 02
[0049] [16250] HEX: 30 36 26 00 0c fe 8e f2 fe fe 00 f2 fe ff ff fe ff 00 fc fc 36 fe
[0050] [16250] HEX: 02
[0051] [16250] HEX: 30 36 26 00 0c 30 02 02 c0 fc 30 00 40 3e 00 32 30 00 30 82 40 fe 3f f3 ff ff fd
[0052] [16250] HEX: 02
[0053] [16250] HEX: 30 36 36 00 0c 30 02 02 c0 fc 30 00 40 3e 00 32 30 00 30 82 40 00 30 0e 00 00 32 30 82
[0054] [16250] HEX: 02
[0055] [16250] HEX: 30 36 36 00 0c 30 02 02 c0 fc 30 00 40 3e 00 32 30 00 30 82 40 00 30 0e 00 00 32 30 82
[0056] [16250] HEX: 02
[0057] [16250] HEX: 30 36 26 00 0c 30 02 02 c0 fc 30 00 40 3e 00 32 30 00 30 82 40 00 30 0e 00 00 32 30 82
[0058] [16250] HEX: fe
[0059] [16250] HEX: fe fe 6c f0 3e 30 00 40 3e 00 32 30 00 30 82 40 00 30 0e 00 00 32 30 82
[0060] [16250] HEX: 02
[0061] [16250] HEX: 30 f6 ff 4e f2 fe fe c0 e0 fe ff fe
[0062] [16250] HEX: 00
[0063] [16250] HEX: f0 32 00 32 30 82
[0064] [16250] HEX: 02
[0065] [16250] HEX: 30 36 26 00 0c 30 02 02 c0 fc 30 00 40 3e 00 32 30 00 38 1e fe fe fe fc 02 f2
[0066] [16250] HEX: 02
[0067] [16250] HEX: 30 36 36 00 0c 30 02 02 c0 fc 30 00 40 3e 00 32 30 00 30 82 40 00 30 0e 00 00 32 30 82
[0068] [16250] HEX: 02
[0069] [16250] HEX: 30 36 36 00 0c 30 02 02 c0 fc 30 00 40 3e 00 32 30 00 30 82 40 00 30 0e 00 00 32 30 82
[0070] [16250] HEX: 02
[0071] [16250] HEX: 30 36 36 00 0c 30 02 02 c0 fc 30 00 40 3e 00 32 30 00 30 82 40 00 30 0e 00 00 32 30 82
[0072] [16250] HEX: fe
[0073] [16250] HEX: 32 c0 fa 20 00 fc 30 00 40 3e 00 32 30 00 30 82 40 00 30 0e 00 00 32 30 82
[0074] [16250] HEX: 3e
[0075] [16250] HEX: f3 fe fe fc 78 ff fe fe fe fe bc f0 32 86 07 00 00 32 30 82
[0076] [16250] HEX: 02
[0077] [16250] HEX: 30 36 36 00 0c 30 02 02 c0 fc 30 00 40 3e 00 3a 0e fe fe fc 00 ff ff ff
[0078] [16250] HEX: 02
[0079] [16250] HEX: 30 36 26 00 0c 30 02 02 c0 fc 30 00 40 3e 00 32 30 00 30 82 40 00 30 0e 00 00 32 30 82
[0080] [16250] HEX: 02
[0081] [16250] HEX: 30 36 36 00 0c 30 02 02 c0 fc 30 00 40 3e 00 32 30 00 30 82 40 00 30 0e 00 00 32 30 82
[0082] [16250] HEX: 02
[0083] [16250] HEX: 30 36 36 00 0c 30 02 02 c0 fc 30 00 40 3e 00 32 30 00 30 82 40 00 30 0e 00 00 32 30 82
[0084] [16250] HEX: 02
[0085] [16250] HEX: fc fe 30 00 32 30 00 fc 30 00 40 3e 00 32 30 00 30 82 40 00 30 0e 00 00 32 30 82
[0086] [16250] HEX: fe
[0087] [16250] HEX: ff fc 20 e2 fe fe fe 80 e0 ce 1e 26 00 30 0e 00 00 32 30 82
[0088] [16250] HEX: 02
[0089] [16250] HEX: 30 36 36 00 0c 30 02 02 c0 fc 30 00 70 0f fb fe fe fc 00 fe fe fe ff ff
[0090] [16250] HEX: 02
[0091] [16250] HEX: 30 36 36 00 0c 30 02 02 c0 fc 30 00 40 3e 00 32 30 00 30 82 40 00 30 0e 00 00 32 70
[0092] [16250] HEX: 02
[0093] [16250] HEX: 30 36 36 00 0c 30 02 02 c0 fc 30 00 40 3e 00 32 30 00 30 82 40 00 30 0e 00 00 32 30 82
[0094] [16250] HEX: 02
[0095] [16250] HEX: 30 36 26 00 0c 30 02 02 c0 fc 30 00 40 3e 00 32 30 00 30 82 40 00 30 0e 00 00 32 30 82
[0096] [16250] HEX: 3e
[0097] [16250] HEX: 02 82 02 30 00 32 30 00 fc 30 00 40 3e 00 32 30 00 30 82 40 00 30 0e 00 00 32 30 82
[0098] [16250] HEX: fc
[0099] [16250] HEX: b0 e0 fe fe fe fe 7c f2 c2 00 30 82 40 00 30 0e 00 00 32 30 82
[0100] [16250] HEX: 02
[0101] [16250] HEX: 30 36 36 00 0c 30 02 02 c0 fc 0e fe ff fc c6 e2 ff fe fe fe ff 4c fc
[0102] [16250] HEX: 02
[0103] [16250] HEX: 30 36 36 00 0c 30 02 02 c0 fc 30 00 40 3e 00 32 30 00 30 82 40 00 30 0e 00 fe 2e f6 ff
[0104] [16250] HEX: 02
[0105] [16250] HEX: 30 36 26 00 0c 30 02 02 c0 fc 30 00 40 3e 00 32 30 00 30 82 40 00 30 0e 00 00 32 30 82
[0106] [16250] HEX: 02
[0107] [16250] HEX: 30 36 26 00 0c 30 02 02 c0 fc 30 00 40 3e 00 32 30 00 30 82 40 00 30 0e 00 00 32 30 82
