[0001] [16250] HEX: 00
[0002] [16250] HEX: 02
[0003] [16250] HEX: 30 36 26 00 0c 30 02 00 8c 30 00 80 32 00 32 30 00 30 82 40 00 30 0e 00 00 32 30 30 fe
[0004] [16250] HEX: 02
[0005] [16250] HEX: 30 36 26 00 0c 30 02 00 8c 30 00 80 32 00 32 30 00 30 82 40 00 30 0e 00 00 32 30 30 fe
[0006] [16250] HEX: 02
[0007] [16250] HEX: 30 36 26 00 0c 30 02 00 8c 30 00 80 32 00 32 30 00 30 82 40 00 30 0e 00 00 32 30 30 fe
[0008] [16250] HEX: 02
[0009] [16250] HEX: 30 36 26 00 0c 30 02 00 8c 30 00 80 32 00 32 30 00 30 82 40 00 30 0e 00 00 32 30 30 fe
[0010] [16250] HEX: 02
[0011] [16250] HEX: 30 36 26 00 0c 30 02 00 8c 30 00 80 32 00 32 30 00 30 82 40 00 30 0e 00 00 32 30 30 fe
[0012] [16250] HEX: 02
[0013] [16250] HEX: 30 36 26 00 0c 30 02 00 8c 30 00 80 32 00 32 30 00 30 82 40 00 30 0e 00 00 32 30 30 fe
[0014] [16250] HEX: 02
[0015] [16250] HEX: 30 36 26 00 0c 30 02 00 8c 30 00 80 32 00 32 30 00 30 82 40 00 30 0e 00 00 32 f0 f0 ff
[0016] [16250] HEX: 02
[0017] [16250] HEX: 30 36 26 00 0c 30 02 00 8c 30 00 80 32 00 32 30 00 30 02 40 00 30 0e 00 00 32 30 30 fe
[0018] [16250] HEX: 02
[0019] [16250] HEX: 30 36 26 00 0c 30 02 00 8c 30 00 80 32 00 32 30 00 30 82 40 00 30 0e 00 00 32 30 30 fe
[0020] [16250] HEX: 03
[0021] [16250] HEX: 18 1b 13 80 0c 30 02 00 8c 30 00 80 32 00 32 30 00 30 82 40 00 30 0e 00 00 32 30 30 fe
[0022] [16250] HEX: f8
[0023] [16250] HEX: 6c 00 f0 f0 fc f0 f0 32 00 80 00 30 82 40 00 30 0e 00 00 32 30 30 fe
[0024] [16250] HEX: 02
[0025] [16250] HEX: 30 36 26 00 0c 30 02 00 8c f8 00 ec 00 80 00 bc f0 00 fe 00 00 fe 30 fe
[0026] [16250] HEX: 02
[0027] [16250] HEX: 30 36 26 00 0c 30 02 00 8c 30 00 80 32 00 32 30 00 30 82 40 00 30 0e 00 00 36 30 f0
[0028] [16250] HEX: 02
[0029] [16250] HEX: 30 36 26 00 0c 30 02 00 8c 30 00 80 32 00 32 30 00 30 82 40 00 30 0e 00 00 32 30 30 fe
[0030] [16250] HEX: 02
[0031] [16250] HEX: 30 36 26 00 0c 30 02 00 8c 30 00 80 32 00 32 30 00 30 82 40 00 30 0e 00 00 32 30 30 fe
[0032] [16250] HEX: 02
[0033] [16250] HEX: 30 36 26 00 0c 30 02 00 8c 30 00 80 32 00 32 30 00 30 82 40 00 30 0e 00 00 32 30 30 fe
[0034] [16250] HEX: 02
[0035] [16250] HEX: f0 f8 f8 f8 f8 fc 10 00 3c 30 02 02 00 30 82 40 00 30 0e 00 00 32 30 30 fe
[0036] [16250] HEX: 02
[0037] [16250] HEX: 30 36 26 00 0c 30 1e c0 06 00 fc 00 80 00 fe fe 00 fe 00 00 fe 83 f0
[0038] [16250] HEX: 02
[0039] [16250] HEX: 30 36 36 00 0c 30 02 00 8c 30 00 80 32 00 32 30 00 30 82 40 00 f0 00 00 fe fe ff
[0040] [16250] HEX: 02
[0041] [16250] HEX: 30 36 26 00 0c 30 02 00 8c 30 00 80 32 00 32 30 00 30 82 40 00 30 0e 00 00 32 30 30 fe
[0042] [16250] HEX: 02
[0043] [16250] HEX: 30 36 26 00 0c 30 02 00 8c 30 00 80 32 00 32 30 00 30 82 40 00 30 0e 00 00 32 30 30 fe
[0044] [16250] HEX: 02
[0045] [16250] HEX: 30 36 26 00 0c 30 02 00 8c 30 00 80 32 00 32 30 00 30 82 40 00 30 0e 00 00 32 30 30 fe
[0046] [16250] HEX: f0
[0047] [16250] HEX: f0 f0 f0 30 00 c3 00 80 32 00 32 30 00 30 82 40 00 30 0e 00 00 32 30 30 fe
[0048] [16250] HEX: 02
[0049] [16250] HEX: 30 36 26 00 00 03 80 fc 00 4c fc fe 00 fe fe 00 84 07 00 00 32 30 30 fe
[0050] [16250] HEX: 02
[0051] [16250] HEX: 30 36 26 00 0c 30 02 00 8c 30 00 80 32 00 32 30 00 30 82 06 30 fe 00 fe 82 f0
[0052] [16250] HEX: 02
[0053] [16250] HEX: 30 36 26 00 0c 30 02 00 8c 30 00 80 32 00 32 30 00 30 82 40 00 30 0e 00 00 32 30 30 fe
[0054] [16250] HEX: 02
[0055] [16250] HEX: 30 36 26 00 0c 30 02 00 8c 30 00 80 32 00 32 30 00 30 82 40 00 30 0e 00 00 32 30 30 fe
[0056] [16250] HEX: 02
[0057] [16250] HEX: 30 36 26 00 0c 30 02 00 8c 30 00 80 32 00 32 30 00 30 82 40 00 30 0e 00 00 32 30 30 fe
[0058] [16250] HEX: e0
[0059] [16250] HEX: f0 60 03 fc 40 00 8c 30 00 80 32 00 32 30 00 30 82 40 00 30 0e 00 00 32 30 30 fe
[0060] [16250] HEX: 02
[0061] [16250] HEX: f0 82 00 00 fe 00 0c 00 e0 ff fe 00 fc 3c c8 30 00 00 32 30 30 fe
[0062] [16250] HEX: 02
[0063] [16250] HEX: 30 36 26 00 0c 30 02 00 8c 30 00 80 32 00 32 f0 00 84 83 ff ff ff 03 80 fc f8
[0064] [16250] HEX: 02
[0065] [16250] HEX: 30 36 26 00 0c 30 02 00 8c 30 00 80 32 00 32 30 00 30 82 40 00 30 0e 00 00 32 30 30 fe
[0066] [16250] HEX: 02
[0067] [16250] HEX: 30 36 26 00 0c 30 02 00 8c 30 00 80 32 00 32 30 00 30 82 40 00 30 0e 00 00 32 30 30 fe
[0068] [16250] HEX: 02
[0069] [16250] HEX: 30 36 26 00 0c 30 02 00 8c 30 00 80 32 00 32 30 00 30 82 40 00 30 0e 00 00 32 30 30 fe
[0070] [16250] HEX: 80
[0071] [16250] HEX: f0 00 00 4c 30 00 8c 30 00 80 32 00 32 30 00 30 82 40 00 30 0e 00 00 32 30 30 fe
[0072] [16250] HEX: 00
[0073] [16250] HEX: fe 00 fe 19 06 80 fc 00 80 fc fe 00 c3 26 00 30 0e 00 00 32 30 30 fe
[0074] [16250] HEX: 02
[0075] [16250] HEX: 30 36 26 00 0c 30 02 00 8c 30 00 80 32 6c 0c 00 fe f0 08 fc f0 e0 e0 f0
[0076] [16250] HEX: 02
[0077] [16250] HEX: 30 36 26 00 0c 30 02 00 8c 30 00 80 32 00 32 30 00 30 82 40 00 30 0e 00 00 32 30 30 fe
[0078] [16250] HEX: 02
[0079] [16250] HEX: 30 36 26 00 0c 30 02 00 8c 30 00 80 32 00 32 30 00 30 82 40 00 30 0e 00 00 32 30 30 fe
[0080] [16250] HEX: 02
[0081] [16250] HEX: 30 36 26 00 0c 30 02 00 8c 30 00 80 32 00 32 30 00 30 82 40 00 30 0e 00 00 32 30 30 fe
[0082] [16250] HEX: 00
[0083] [16250] HEX: 6c 6c 00 0c 30 02 00 8c 30 00 80 32 00 32 30 00 30 82 40 00 30 0e 00 00 32 30 30 fe
[0084] [16250] HEX: 00
[0085] [16250] HEX: f0 00 fc fc 00 fc 00 80 0c f0 03 80 30 82 40 00 30 0e 00 00 32 30 30 fe
[0086] [16250] HEX: 02
[0087] [16250] HEX: 30 36 26 00 0c 30 02 00 8c 30 00 80 f8 f8 e0 82 c0 e0 ff e0 c0 c0 f0
[0088] [16250] HEX: 02
[0089] [16250] HEX: 30 36 26 00 0c 30 02 00 8c 30 00 80 32 00 32 30 00 30 82 40 00 30 0e 00 00 0f 3f ff
[0090] [16250] HEX: 02
[0091] [16250] HEX: 30 36 36 00 0c 30 02 00 8c 30 00 80 32 00 32 30 00 30 82 40 00 30 0e 00 00 32 30 30 fe
[0092] [16250] HEX: 02
[0093] [16250] HEX: 30 36 26 00 0c 30 02 00 8c 30 00 80 32 00 32 30 00 30 82 40 00 30 0e 00 00 32 30 30 fe
[0094] [16250] HEX: 02
[0095] [16250] HEX: 30 36 26 00 0c 30 02 00 8c 30 00 80 32 00 32 30 00 30 82 40 00 30 0e 00 00 32 30 30 fe
[0096] [16250] HEX: 02
[0097] [16250] HEX: f0 ff ff ff ff 03 80 7e c8 01 01 80 18 82 40 00 30 0e 00 00 32 30 30 fe
[0098] [16250] HEX: 02
[0099] [16250] HEX: 30 36 26 00 0c 30 02 38 f0 e0 fe c0 60 00 fc c0 80 fc 00 00 f2 38 ff
[0100] [16250] HEX: 02
[0101] [16250] HEX: 30 36 26 00 0c 30 02 00 8c 30 00 80 32 00 32 30 00 30 82 40 00 30 00 00 fe
[0102] [16250] HEX: 02
[0103] [16250] HEX: 30 36 26 00 0c 30 02 00 8c 30 00 80 32 00 32 30 00 30 82 40 00 30 0e 00 00 32 30 30 fe
[0104] [16250] HEX: 02
[0105] [16250] HEX: 30 36 26 00 0c 30 02 00 8c 30 00 80 32 00 32 30 00 30 82 40 00 30 0e 00 00 32 30 30 fe
[0106] [16250] HEX: 02
[0107] [16250] HEX: 30 36 26 00 0c 30 02 00 8c 30 00 80 32 00 32 30 00 30 82 40 00 30 0e 00 00 32 30 30 fe
[0108] [16250] HEX: ff
[0109] [16250] HEX: 32 80 38 30 00 8c 30 00 80 32 00 32 30 00 30 82 40 00 30 0e 00 00 32 30 30 fe
[0110] [16250] HEX: 20
[0111] [16250] HEX: 7c fc e0 e0 c0 70 c2 00 fe 00 80 00 bc f0 00 8c 0e 00 00 32 30 30 fe

