[0001] [16250] HEX: 00
[0002] [16250] HEX: 02
[0003] [16250] HEX: 30 36 36 00 0c 30 40 00 fc 30 00 40 3e 00 32 30 00 30 82 40 00 30 0e 00 00 32 30 00
[0004] [16250] HEX: 02
[0005] [16250] HEX: 30 36 26 00 0c 30 40 00 fc 30 00 40 3e 00 32 30 00 30 82 40 00 30 0e 00 00 32 30 00
[0006] [16250] HEX: 02
[0007] [16250] HEX: 30 36 26 00 0c 30 40 00 fc 30 00 40 3e 00 32 30 00 30 82 40 00 30 0e 00 00 32 30 00
[0008] [16250] HEX: 02
[0009] [16250] HEX: 30 36 26 00 0c 30 40 00 fc 30 00 40 3e 00 32 30 00 30 82 40 00 30 0e 00 00 32 30 00
[0010] [16250] HEX: 02
[0011] [16250] HEX: 30 36 26 00 0c 30 40 00 fc 30 00 40 3e 00 32 30 00 30 82 40 00 30 0e 00 00 32 30 00
[0012] [16250] HEX: 02
[0013] [16250] HEX: 30 36 26 00 0c 30 40 00 fc 30 00 40 3e 00 32 30 00 30 82 40 00 30 0e 00 00 32 30 00
[0014] [16250] HEX: 02
[0015] [16250] HEX: 30 36 26 00 0c 30 40 00 fc 30 00 40 3e 00 32 30 00 30 82 40 00 30 0e 00 00 32 f0 80
[0016] [16250] HEX: 02
[0017] [16250] HEX: 30 36 26 00 0c 30 40 00 fc 30 00 40 3e 00 32 30 00 30 82 40 00 30 0e 00 00 32 30 00
[0018] [16250] HEX: 02
[0019] [16250] HEX: 30 36 26 00 0c 30 40 00 fc 30 00 40 3e 00 32 30 00 30 82 40 00 30 0e 00 00 32 30 00
[0020] [16250] HEX: 00
[0021] [16250] HEX: b0 b0 00 0c 30 40 00 fc 30 00 40 3e 00 32 30 00 30 82 40 00 30 0e 00 00 32 30 00
[0022] [16250] HEX: fe
[0023] [16250] HEX: d8 98 fc fe 00 fc 00 40 fe 36 18 00 30 82 40 00 30 0e 00 00 32 30 00
[0024] [16250] HEX: 02
[0025] [16250] HEX: 30 36 26 00 0c 30 40 00 fc 18 00 ff f0 c0 30 c6 c0 c0 fe 80 80 80 00
[0026] [16250] HEX: 02
[0027] [16250] HEX: 30 36 26 00 0c 30 40 00 fc 30 00 40 3e 00 32 30 00 30 82 40 00 30 0e 00 00 02 1e c0
[0028] [16250] HEX: 02
[0029] [16250] HEX: 30 36 26 00 0c 30 40 00 fc 30 00 40 3e 00 32 30 00 30 02 40 00 30 0e 00 00 32 30 00
[0030] [16250] HEX: 02
[0031] [16250] HEX: 30 36 26 00 0c 30 40 00 fc 30 00 40 3e 00 32 30 00 30 82 40 00 30 0e 00 00 32 30 00
[0032] [16250] HEX: 02
[0033] [16250] HEX: 30 36 26 00 0c 30 40 00 fc 30 00 40 3e 00 32 30 00 30 82 40 00 30 0e 00 00 32 30 00
[0034] [16250] HEX: fe
[0035] [16250] HEX: fe fe fc fc 87 f0 30 8c 0c 30 02 02 00 30 82 40 00 30 0e 00 00 32 30 00
[0036] [16250] HEX: 02
[0037] [16250] HEX: 30 36 26 00 0c f0 40 00 80 e3 80 32 f0 00
[0038] [16250] HEX: 00
[0039] [16250] HEX: ff 00 00 02 06 c0
[0040] [16250] HEX: 02
[0041] [16250] HEX: 30 36 36 00 0c 30 40 00 fc 30 00 40 3e 00 32 30 00 30 82 40 00 18 00 00 ff 00
[0042] [16250] HEX: 02
[0043] [16250] HEX: 30 36 26 00 0c 30 40 00 fc 30 00 40 3e 00 32 30 00 30 82 40 00 30 0e 00 00 32 30 00
[0044] [16250] HEX: 02
[0045] [16250] HEX: 30 36 26 00 0c 30 40 00 fc 30 00 40 3e 00 32 30 00 30 82 40 00 30 0e 00 00 32 30 00
[0046] [16250] HEX: 02
[0047] [16250] HEX: 30 36 26 00 0c 30 40 00 fc 30 00 40 3e 00 32 30 00 30 82 40 00 30 0e 00 00 32 30 00
[0048] [16250] HEX: f0
[0049] [16250] HEX: f0 e0 20 c0 e0 fc 30 00 40 3e 00 32 30 00 30 02 40 00 30 0e 00 00 32 30 00
[0050] [16250] HEX: 02
[0051] [16250] HEX: 30 36 fe 00 00 00 ff 00 c0 ff fe 00 fc fc 00 f0 00 00 32 30 00
[0052] [16250] HEX: 02
[0053] [16250] HEX: 30 36 26 00 0c 30 40 00 fc 30 00 40 3e 00 32 30 00 fc 8f f3 fe fc 36 80 fe
[0054] [16250] HEX: 02
[0055] [16250] HEX: 30 36 26 00 0c 30 40 00 fc 30 00 40 3e 00 32 30 00 30 82 40 00 30 0e 00 00 32 30 00
[0056] [16250] HEX: 02
[0057] [16250] HEX: 30 36 26 00 0c 30 40 00 fc 30 00 40 3e 00 32 30 00 30 82 40 00 30 0e 00 00 32 30 00
[0058] [16250] HEX: 02
[0059] [16250] HEX: 30 36 26 00 0c 30 40 00 fc 30 00 40 3e 00 32 30 00 30 82 40 00 30 0e 00 00 32 30 00
[0060] [16250] HEX: 00
[0061] [16250] HEX: 82 02 f0 00 40 00 fc 30 00 40 3e 00 32 30 00 30 82 40 00 30 0e 00 00 32 30 00
[0062] [16250] HEX: 0f
[0063] [16250] HEX: 38 ff ff fc fe 00 fc 00
[0064] [16250] HEX: ff
[0065] [16250] HEX: c1 9c 64 00 30 0e 00 00 32 30 00
[0066] [16250] HEX: 02
[0067] [16250] HEX: 30 36 26 00 0c 30 40 00 fc 30 00 40 3e 00 60 00 ff e0 80 72 00 00 80 c0
[0068] [16250] HEX: 02
[0069] [16250] HEX: 30 36 26 00 0c 30 40 00 fc 30 00 40 3e 00 32 30 00 30 82 40 00 30 0e 00 00 32 30 00
[0070] [16250] HEX: 02
[0071] [16250] HEX: 30 36 26 00 0c 30 40 00 fc 30 00 40 3e 00 32 30 00 30 82 40 00 30 0e 00 00 32 30 00
[0072] [16250] HEX: 02
[0073] [16250] HEX: 30 36 26 00 0c 30 40 00 fc 30 00 40 3e 00 32 30 00 30 82 40 00 30 0e 00 00 32 30 00
[0074] [16250] HEX: c8
[0075] [16250] HEX: 36 00 0c 30 40 00 fc 30 00 40 3e 00 32 30 00 30 82 40 00 30 0e 00 00 32 30 00
[0076] [16250] HEX: fc
[0077] [16250] HEX: f0 8c 00 f0 f8 f0 e0 fe 60 02 fe 80 30 82 40 00 30 0e 00 00 32 30 00
[0078] [16250] HEX: 02
[0079] [16250] HEX: 30 36 26 00 0c 30 40 00 fc 30 00 ce 00 ff 00 fc 07 1b 80 fc 00 00 00
[0080] [16250] HEX: 02
[0081] [16250] HEX: 30 36 26 00 0c 30 40 00 fc 30 00 40 3e 00 32 30 00 30 82 40 00 30 0e 00 00 0e c0
[0082] [16250] HEX: 02
[0083] [16250] HEX: 30 36 26 00 0c 30 40 00 fc 30 00 40 3e 00 32 30 00 30 82 40 00 30 0e 00 00 32 30 00
[0084] [16250] HEX: 02
[0085] [16250] HEX: 30 36 26 00 0c 30 40 00 fc 30 00 40 3e 00 32 30 00 30 82 40 00 30 0e 00 00 32 30 00
[0086] [16250] HEX: 02
[0087] [16250] HEX: 30 36 26 00 0c 30 40 00 fc 30 00 40 3e 00 32 30 00 30 82 40 00 30 0e 00 00 32 30 00
[0088] [16250] HEX: 80
[0089] [16250] HEX: b0 00 00 00 00 c0 03 4c 80 00 30 82 40 00 30 0e 00 00 32 30 00
[0090] [16250] HEX: 02
[0091] [16250] HEX: 30 36 26 00 0c 30 40 00 fc 00 c0 fc fb 00 ff fe fe fe 26 80 fc
[0092] [16250] HEX: 02
[0093] [16250] HEX: 30 36 26 00 0c 30 40 00 fc 30 00 40 3e 00 32 30 00 30 82 40 00 30 60 00 e0 f0
[0094] [16250] HEX: 02
[0095] [16250] HEX: 30 36 26 00 0c 30 40 00 fc 30 00 40 3e 00 32 30 00 30 82 40 00 30 0e 00 00 32 30 00
[0096] [16250] HEX: 02
[0097] [16250] HEX: 30 36 26 00 0c 30 40 00 fc 30 00 40 3e 00 32 30 00 30 82 40 00 30 0e 00 00 32 30 00
[0098] [16250] HEX: 02
[0099] [16250] HEX: 30 36 26 00 0c 30 40 00 fc 30 00 40 3e 00 32 30 00 30 82 40 00 30 0e 00 00 32 30 00
[0100] [16250] HEX: ff
[0101] [16250] HEX: f8 ff fc ff 00 fc 00 40 3e 00 32 30 00 30 82 40 00 30 0e 00 00 32 30 00
[0102] [16250] HEX: 02
[0103] [16250] HEX: 30 36 26 00 fe ee 04 80 fc f0 0c f0 f0 f0 ff e0 e0 7b 00 80 3e 30 00
[0104] [16250] HEX: 02
[0105] [16250] HEX: 30 36 26 00 0c 30 40 00 fc 30 00 40 3e 00 32 30 00 30 82 f0 00 e3 00 00 fe 00

