[0001] [16250] HEX: 00
[0002] [16250] HEX: 02
[0003] [16250] HEX: 30 36 26 00 0c 30 02 00 fc 30 00 40 3e 00 32 30 00 30 82 40 00 30 0e 00 00 32 30 02
[0004] [16250] HEX: 02
[0005] [16250] HEX: 30 36 26 00 0c 30 02 00 fc 30 00 40 3e 00 32 30 00 30 82 40 00 30 0e 00 00 32 30 02
[0006] [16250] HEX: 02
[0007] [16250] HEX: 30 36 26 00 0c 30 02 00 fc 30 00 40 3e 00 32 30 00 30 82 40 00 30 0e 00 00 32 30 02
[0008] [16250] HEX: 02
[0009] [16250] HEX: 30 36 36 00 0c 30 02 00 fc 30 00 40 3e 00 32 30 00 30 82 40 00 30 0e 00 00 32 30 02
[0010] [16250] HEX: 02
[0011] [16250] HEX: 30 36 26 00 0c 30 02 00 fc 30 00 40 3e 00 32 30 00 30 82 40 00 30 0e 00 00 32 30 02
[0012] [16250] HEX: 02
[0013] [16250] HEX: 30 36 26 00 0c 30 02 00 fc 30 00 40 3e 00 32 30 00 30 82 40 00 30 0e 00 00 32 30 02
[0014] [16250] HEX: 02
[0015] [16250] HEX: 30 36 26 00 0c 30 02 00 fc 30 00 40 3e 00 32 30 00 30 82 40 00 30 0e 00 00 32 30 06
[0016] [16250] HEX: 02
[0017] [16250] HEX: 30 36 26 00 0c 30 02 00 fc 30 00 40 3e 00 32 30 00 30 82 40 00 30 0e 00 00 32 30 02
[0018] [16250] HEX: 02
[0019] [16250] HEX: 30 36 26 00 0c 30 02 00 fc 30 00 40 3e 00 32 30 00 30 82 40 00 30 0e 00 00 32 30 02
[0020] [16250] HEX: 00
[0021] [16250] HEX: 98 b0 00 0c 30 02 00 fc 30 00 40 3e 00 32 30 00 30 02 40 00 30 0e 00 00 32 30 02
[0022] [16250] HEX: ff
[0023] [16250] HEX: f0 01 18 fc 00 fc 00 0c f0 06 00 30 82 40 00 30 0e 00 00 32 30 02
[0024] [16250] HEX: 02
[0025] [16250] HEX: 30 36 36 00 0c 30 02 00 fc 30 00 c0 f8 f8 e0 82 c0 e0 ff e0 c0 c0 f0
[0026] [16250] HEX: 02
[0027] [16250] HEX: 30 36 26 00 0c 30 02 00 fc 30 00 40 3e 00 32 30 00 30 82 40 00 30 0e 00 00 80 f0
[0028] [16250] HEX: 02
[0029] [16250] HEX: 30 36 26 00 0c 30 02 00 fc 30 00 40 3e 00 32 30 00 30 82 40 00 30 0e 00 00 32 30 02
[0030] [16250] HEX: 02
[0031] [16250] HEX: 30 36 26 00 0c 30 02 00 fc 30 00 40 3e 00 32 30 00 30 82 40 00 30 0e 00 00 32 30 02
[0032] [16250] HEX: 02
[0033] [16250] HEX: 30 36 26 00 0c 30 02 00 fc 30 00 40 3e 00 32 30 00 30 82 40 00 30 0e 00 00 32 30 02
[0034] [16250] HEX: 00
[0035] [16250] HEX: f0 ff fe fe 00 fc 00 c0 0c 30 02 02 00 30 82 40 00 30 0e 00 00 32 30 02
[0036] [16250] HEX: 02
[0037] [16250] HEX: 30 36 26 00 0c 30 02 00 fe 02 00 f8 06 00 f8 f0 fe f0 b0 02 fe f0
[0038] [16250] HEX: 02
[0039] [16250] HEX: 30 36 26 00 0c 30 02 00 fc 30 00 40 3e 00 32 30 00 30 82 40 00 30 fe 00 00 80 c0
[0040] [16250] HEX: 02
[0041] [16250] HEX: 30 36 26 00 0c 30 02 00 fc 30 00 40 3e 00 32 30 00 30 82 40 00 30 0e 00 00 32 30 02
[0042] [16250] HEX: 02
[0043] [16250] HEX: 30 36 26 00 0c 30 02 00 fc 30 00 40 3e 00 32 30 00 30 82 40 00 30 0e 00 00 32 30 02
[0044] [16250] HEX: 02
[0045] [16250] HEX: 30 36 26 00 0c 30 02 00 fc 30 00 40 3e 00 32 30 00 30 82 40 00 30 0e 00 00 32 30 02
[0046] [16250] HEX: 00
[0047] [16250] HEX: fc fe fe 00 fc 00 40 3e 00 32 30 00 30 82 40 00 30 0e 00 00 32 30 02
[0048] [16250] HEX: 02
[0049] [16250] HEX: 30 36 26 00 2f 03 e0 ff fc 0c f0 fc fc f8 f8 0e 00 60 80 13 fc
[0050] [16250] HEX: 02
[0051] [16250] HEX: 30 36 26 00 0c 30 02 00 fc 30 00 40 3e 00 32 30 00 30 82 c0 80 30 fe 80 80 80 c0
[0052] [16250] HEX: 02
[0053] [16250] HEX: 30 36 26 00 0c 30 02 00 fc 30 00 40 3e 00 32 30 00 30 82 40 00 30 0e 00 00 32 30 02
[0054] [16250] HEX: 02
[0055] [16250] HEX: 30 36 26 00 0c 30 02 00 fc 30 00 40 3e 00 32 30 00 30 82 40 00 30 0e 00 00 32 30 02
[0056] [16250] HEX: 02
[0057] [16250] HEX: 30 36 26 00 0c 30 02 00 fc 30 00 40 3e 00 32 30 00 30 82 40 00 30 0e 00 00 32 30 02
[0058] [16250] HEX: 00
[0059] [16250] HEX: fc 00 02 8c 00 fc 30 00 40 3e 00 32 30 00 30 82 40 00 30 0e 00 00 32 30 02
[0060] [16250] HEX: 02
[0061] [16250] HEX: f0 fe 1f c0 fe ff ff ff 03 80 fc f8 f8 d8 00 7b 00 00 32 30 02
[0062] [16250] HEX: 02
[0063] [16250] HEX: 30 36 26 00 0c 30 02 00 fc 30 00 40 3e 00 32 30 00 9e 78 f8 80 fc 00 80 32 f0
[0064] [16250] HEX: 02
[0065] [16250] HEX: 30 36 26 00 0c 30 02 00 fc 30 00 40 3e 00 32 30 00 30 82 40 00 30 0e 00 00 32 30 02
[0066] [16250] HEX: 02
[0067] [16250] HEX: 30 36 26 00 0c 30 02 00 fc 30 00 40 3e 00 32 30 00 30 82 40 00 30 0e 00 00 32 30 02
[0068] [16250] HEX: 02
[0069] [16250] HEX: 30 36 26 00 0c 30 02 00 fc 30 00 40 3e 00 32 30 00 30 82 40 00 30 0e 00 00 32 30 02
[0070] [16250] HEX: 00
[0071] [16250] HEX: 26 e6 04 10 02 00 fc 30 00 40 3e 00 32 30 00 30 82 40 00 30 0e 00 00 32 30 02
[0072] [16250] HEX: 06
[0073] [16250] HEX: 30 fe fe fc c3 00 fe fe fe fc 04 fc b0 00 30 0e 00 00 32 30 02
[0074] [16250] HEX: 02
[0075] [16250] HEX: 30 36 26 00 0c 30 02 00 fc 30 00 40 3e 00 60 00 fe c0 00 f6 00 00 80 c0
[0076] [16250] HEX: 02
[0077] [16250] HEX: 30 36 36 00 0c 30 02 00 fc 30 00 40 3e 00 32 30 00 30 82 40 00 30 0e 00 00 32 30 02
[0078] [16250] HEX: 02
[0079] [16250] HEX: 30 36 26 00 0c 30 02 00 fc 30 00 40 3e 00 32 30 00 30 82 40 00 30 0e 00 00 32 30 02
[0080] [16250] HEX: 02
[0081] [16250] HEX: 30 36 36 00 0c 30 02 00 fc 30 00 40 3e 00 32 30 00 30 82 40 00 30 0e 00 00 32 30 02
[0082] [16250] HEX: fe
[0083] [16250] HEX: b8 98 00 0c 30 02 00 fc 30 00 40 3e 00 32 30 00 30 82 40 00 30 0e 00 00 32 30 02
[0084] [16250] HEX: fe
[0085] [16250] HEX: f0 f3 0c f0 fe fe fe 26 80 30 ef 82 40 00 30 0e 00 00 32 30 02
[0086] [16250] HEX: 02
[0087] [16250] HEX: 30 36 26 00 0c 30 02 00 fc 30 00 7c 3f fc e0 c0 fc 40 00 fc 00 00 80 c0
[0088] [16250] HEX: 02
[0089] [16250] HEX: 30 36 26 00 0c 30 02 00 fc 30 00 40 3e 00 32 30 00 30 82 40 00 30 0e 00 00 32 f0 06
[0090] [16250] HEX: 02
[0091] [16250] HEX: 30 36 26 00 0c 30 02 00 fc 30 00 40 3e 00 32 30 00 30 82 40 00 30 0e 00 00 32 30 02
[0092] [16250] HEX: 02
[0093] [16250] HEX: 30 36 26 00 0c 30 02 00 fc 30 00 40 3e 00 32 30 00 30 82 40 00 30 0e 00 00 32 30 02
[0094] [16250] HEX: 02
[0095] [16250] HEX: 30 36 26 00 0c 30 02 00 fc 30 00 40 3e 00 32 30 00 30 82 40 00 30 0e 00 00 32 30 02
[0096] [16250] HEX: fe
[0097] [16250] HEX: b0 f0 ff ff fe fe 06 fc f8 0f 03 80 30 82 40 00 30 0e 00 00 32 30 02
[0098] [16250] HEX: 02
[0099] [16250] HEX: 30 36 36 00 0c 30 02 00 30 00 fc e0 80 40 8c 00 fc 00 00 80 f2
[0100] [16250] HEX: 02
[0101] [16250] HEX: 30 36 26 00 0c 30 02 00 fc 30 00 40 3e 00 32 30 00 30 82 40 00 30 0e 00 00 02 3e
[0102] [16250] HEX: 02
[0103] [16250] HEX: 30 36 26 00 0c 30 02 00 fc 30 00 40 3e 00 32 30 00 30 82 40 00 30 0e 00 00 32 30 02
[0104] [16250] HEX: 02
[0105] [16250] HEX: 30 36 26 00 0c 30 02 00 fc 30 00 40 3e 00 32 30 00 30 82 40 00 30 0e 00 00 32 30 02
[0106] [16250] HEX: 02
[0107] [16250] HEX: 30 36 36 00 0c 30 02 00 fc 30 00 40 3e 00 32 30 00 30 82 40 00 30 0e 00 00 32 30 02
[0108] [16250] HEX: 21
[0109] [16250] HEX: c0 04 80 fc 30 00 40 3e 00 32 30 00 30 82 40 00 30 0e 00 00 32 30 02

