[0001] [16250] HEX: 00
[0002] [16250] HEX: 02
[0003] [16250] HEX: 30 36 26 00 0c 30 02 00 fc 30 00 40 3e 00 32 30 00 30 82 40 00 30 0e 00 00 32 30 02
[0004] [16250] HEX: 02
[0005] [16250] HEX: 30 36 26 00 0c 30 02 00 fc 30 00 40 3e 00 32 30 00 30 82 40 00 30 0e 00 00 32 30 02
[0006] [16250] HEX: 02
[0007] [16250] HEX: 30 36 26 00 0c 30 02 00 fc 30 00 40 3e 00 32 30 00 30 82 40 00 30 0e 00 00 32 30 02
[0008] [16250] HEX: 02
[0009] [16250] HEX: 30 36 26 00 0c 30 02 00 fc 30 00 40 3e 00 32 30 00 30 82 40 00 30 0e 00 00 32 30 02
[0010] [16250] HEX: 02
[0011] [16250] HEX: 30 36 26 00 0c 30 02 00 fc 30 00 40 3e 00 32 30 00 30 82 40 00 30 0e 00 00 32 30 02
[0012] [16250] HEX: 02
[0013] [16250] HEX: 30 36 26 00 0c 30 02 00 fc 30 00 40 3e 00 32 30 00 30 82 40 00 30 0e 00 00 32 30 02
[0014] [16250] HEX: 02
[0015] [16250] HEX: 30 36 26 00 0c 30 02 00 fc 30 00 40 3e 00 32 30 00 30 82 40 00 30 0e 00 00 32 f0 e0
[0016] [16250] HEX: 02
[0017] [16250] HEX: 30 36 26 00 0c 30 02 00 fc 30 00 40 3e 00 32 30 00 30 82 40 00 30 0e 00 00 32 30 02
[0018] [16250] HEX: 02
[0019] [16250] HEX: 30 36 26 00 0c 30 02 00 fc 30 00 40 3e 00 32 30 00 30 82 40 00 30 0e 00 00 32 30 02
[0020] [16250] HEX: 00
[0021] [16250] HEX: b0 b0 00 0c 30 02 00 fc 30 00 40 3e 00 32 30 00 30 82 40 00 30 0e 00 00 32 30 02
[0022] [16250] HEX: fe
[0023] [16250] HEX: 90 b0 fc
[0024] [16250] HEX: ff
[0025] [16250] HEX: 01 fc 64 10 00 30 82 40 00 30 0e 00 00 32 30 02
[0026] [16250] HEX: 02
[0027] [16250] HEX: 30 36 26 00 0c 30 02 00 30 00 fc e0 80 40 08 00 fc 00 ff 80 f0
[0028] [16250] HEX: 02
[0029] [16250] HEX: 00 82 02 30 00 40 30 00 fc 30 00 40 0e 00 32 30 00 00 02 40 00 20 0e 3e 0e bf f0 f0
[0030] [16250] HEX: ef
[0031] [16250] HEX: 4f
[0032] [16250] HEX: 02
[0033] [16250] HEX: 30 36 06 00 0c 20 02 01 d0 fe 18 00 40 0a 00 32 30 00 30 80 40 00 30 0e 00 c2 b2 02 c0 1e
[0034] [16250] HEX: 02
[0035] [16250] HEX: 30 36 36 00 0c 30 02 00 f4 30 00 40 3e 00 32 30 00 30 82 40 00 30 06 00 82 a2 02 c2 f2
[0036] [16250] HEX: 02
[0037] [16250] HEX: 30 36 26 00 0c 30 02 00 fc 30 00 40 3e 00 32 10 00 30 82 40 00 30 0e 00 32 02 02 c2 f0
[0038] [16250] HEX: 06
[0039] [16250] HEX: 10 92 36 09 06 18 f3 00 3f 06 80 60 ff 00 32 30 00 30 82 40 00 30 0e 00 bc 4c 80 82 e6
[0040] [16250] HEX: 02
[0041] [16250] HEX: 30 36 26 00 0c 30 1b 00 7f 06 00 f8 0c 19 98 0c 9c fe 30 00 33 6f 30 fc 80 9f fe
[0042] [16250] HEX: 02
[0043] [16250] HEX: 30 36 26 00 0c 20 02 00 fc 30 00 40 2e 00 32 30 00 30 82 40 00 83 e6 c3 b0 9f 03 3b ec
[0044] [16250] HEX: 02
[0045] [16250] HEX: 10 36 26 00 08 30 02 00 fc 30 00 40 3e 00 32 30 00 10 82 40 00 30 4e 00 82 be 02 36 b2
[0046] [16250] HEX: 02
[0047] [16250] HEX: 30 36 26 00 0c 30 02 00 fc 30 00 00 08 20 02 02 00 30 02 40 00 30 4e 00 80 be 02 02 b0
[0048] [16250] HEX: 02
[0049] [16250] HEX: 30 36 26 00 0c 30 02 00 fc 30 00 40 3e 00 32 30 00 30 82 40 00 30 4e 00 82 be 02 32 b2
[0050] [16250] HEX: ca
[0051] [16250] HEX: d8 c6 19 02 7f 1f 31 00 40 3e 00 32 30 00 30 82 40 00 30 4e 00 82 be 02 32 b2
[0052] [16250] HEX: 02
[0053] [16250] HEX: 30 36 e6 00 e6 86 03 ff 3c 0c c2 30 07 66 84 60 03 83 ce 07 6c cc 32 30 b2 fe
[0054] [16250] HEX: 02
[0055] [16250] HEX: 30 36 22 00 0c 30 02 00 fc 30 00 40 3c 00 32 30 00 f0 83 e0 02 83 fc c6 02 c2
[0056] [16250] HEX: 02
[0057] [16250] HEX: 30 36 26 00 0c 30 02 00 fc 30 00 40 3e 00 32 30 00 30 02 00 00 30 4e 00 0c be 02 c2 b0
[0058] [16250] HEX: 02
[0059] [16250] HEX: 30 36 26 00 0c 30 02 00 f8 10 00 40 3e 00 32 30 00 30 82 40 00 30 4e 00 8c be 02 c2 b2
[0060] [16250] HEX: 02
[0061] [16250] HEX: 30 36 26 00 04 30 02 00 b0 20 00 40 3e 00 32 30 00 30 02 40 00 30 4a 00 8c be 02 c2 b2
[0062] [16250] HEX: 3e
[0063] [16250] HEX: 36 70 03 84 02 00 c6 30 00 40 3e 00 32 30 00 30 82 40 00 30 4e 00 8c be 02 c2 b2
[0064] [16250] HEX: 02
[0065] [16250] HEX: 30 be 66 e0 39 37 fc fe 00 fc 86 98 02 10 f8 b0 00 f6 32 8e be 02 f2 b2
[0066] [16250] HEX: 02
[0067] [16250] HEX: 30 36 26 00 0c 30 02 00 fc 00 40 3e 00 32 30 00 fe f0 ce 03 ce 03 df 81 f2
[0068] [16250] HEX: 02
[0069] [16250] HEX: 30 36 24 00 0c 30 02 00 fc 30 00 40 36 00 32 30 00 30 82 40 00 30 4e 00 8c be 02 c2 b2
[0070] [16250] HEX: 02
[0071] [16250] HEX: 30 36 26 00 0c 30 02 00 fc 30 00 40 3e 00 32 30 00 30 82 40 00 30 4e 00 8c 3e 02 c2 32
[0072] [16250] HEX: 02
[0073] [16250] HEX: 30 36 36 00 0c 20 02 00 f8 30 00 40 3e 00 32 30 00 30 82 40 00 30 4e 00 8e be 02 d6 b2
[0074] [16250] HEX: 0f
[0075] [16250] HEX: 18 19 f9 21 df 33 00 fc 30 00 40 1e 00 32 30 00 30 82 40 00 30 4e 00 8e be 02 72 32
[0076] [16250] HEX: fe
[0077] [16250] HEX: 0c 83 fe 00 64 00 fc fc 00 e3 7e 03 4c 80 00 ce b8 00 33 4e 00 8c 3e 02 c2 b2
[0078] [16250] HEX: 02
[0079] [16250] HEX: 30 36 26 00 0c 30 02 00 fc 30 00 40 3e 01 26 fe 00 d2 1e 01 18 6f 00 8c bf 80 bc
[0080] [16250] HEX: 02
[0081] [16250] HEX: 30 36 26 00 0c 30 02 00 fc 30 00 40 3e 00 32 30 00 30 82 40 00 30 48 00 82 3e 02 32 32
[0082] [16250] HEX: 02
[0083] [16250] HEX: 30 36 26 00 0c 30 02 00 fc 30 00 00 0c 30 02 02 00 30 82 40 00 30 4e 00 08 3e 02 c2 b2
[0084] [16250] HEX: 02
[0085] [16250] HEX: 30 34 26 00 0c 30 02 00 fc 30 00 40 3e 00 32 30 00 30 82 40 00 30 4e 00 82 ba 02 32 b2
[0086] [16250] HEX: 03
[0087] [16250] HEX: 10 f2 1b 80 05 10 02 00 fc 30 00 40 3e 00 32 30 00 30 82 40 00 30 4e 00 8c be 02 c2 b2
[0088] [16250] HEX: 00
[0089] [16250] HEX: 83 80 c6 02 f0 fe 30 66 3e 13 31 00 bc 3a 88 00 30 4e 00 02 be 02 32 b2
[0090] [16250] HEX: 02
[0091] [16250] HEX: 30 36 26 00 0c 30 02 00 fc 30 00 40 3e 00 32 1a 00 78 d8 18 e3 60 97 c6 b0
[0092] [16250] HEX: 02
[0093] [16250] HEX: 30 36 26 00 0c 30 02 00 fc 30 00 40 3e 00 32 30 00 30 02 40 00 30 4e 00 8c be 02 c2 b6
[0094] [16250] HEX: 02
[0095] [16250] HEX: 30 36 26 00 0c 30 02 00 fc 30 00 c0 3e 01 26 80 00 30 02 40 00 30 4e 00 8c be 02 c2 b2
[0096] [16250] HEX: 02
[0097] [16250] HEX: 30 36 26 00 0c 30 02 00 fc 30 00 40 3e 00 32 20 00 30 82 40 00 30 4e 00 8c be 02 c2 b2
[0098] [16250] HEX: c1
[0099] [16250] HEX: 83 02 30 01 c6 01 00 68 30 00 40 3e 00 32 30 00 30 82 40 00 30 4e 00 8c be 02 c2 b2
[0100] [16250] HEX: fc
[0101] [16250] HEX: 83 18 e0 60 80 36 09 0f 7c 00 b2 00 33 82 40 00 30 4e 00 8c be 02 c2 b2
[0102] [16250] HEX: 02
[0103] [16250] HEX: 30 36 26 00 0c 30 02 00 fc 30 ce 60 9e 80 1b 00 30 7c 27 8c 4e c0 be 7e b2 f3
[0104] [16250] HEX: 02
[0105] [16250] HEX: 30 36 26 00 0c 30 02 00 fc 30 00 40 3e 00 30 30 00 30 82 40 00 30 4e 00 8c be 02 ff c8
[0106] [16250] HEX: 02
[0107] [16250] HEX: 30 36 26 00 0c 30 02 00 fc 30 00 40 3e 00 32 30 00 30 82 40 00 30 4e 00 8c ae 02 c2 b2

