[0001] [16250] HEX: 00
[0002] [16250] HEX: 02
[0003] [16250] HEX: 30 36 26 00 0c 30 40 00 8c 30 00 80 32 00 32 30 00 30 82 40 00 30 0e 00 00 32 30 36 fe
[0004] [16250] HEX: 02
[0005] [16250] HEX: 30 36 26 00 0c 30 40 00 8c 30 00 80 32 00 32 30 00 30 82 40 00 30 0e 00 00 32 30 36 fe
[0006] [16250] HEX: 02
[0007] [16250] HEX: 30 36 26 00 0c 30 40 00 8c 30 00 80 32 00 32 30 00 30 82 40 00 30 0e 00 00 32 30 36 fe
[0008] [16250] HEX: 02
[0009] [16250] HEX: 30 36 26 00 0c 30 40 00 8c 30 00 80 32 00 32 30 00 30 82 40 00 30 0e 00 00 32 30 36 fe
[0010] [16250] HEX: 02
[0011] [16250] HEX: 30 36 26 00 0c 30 40 00 8c 30 00 80 32 00 32 30 00 30 82 40 00 30 0e 00 00 32 30 36 fe
[0012] [16250] HEX: 02
[0013] [16250] HEX: 30 36 26 00 0c 30 40 00 8c 30 00 80 32 00 32 30 00 30 82 40 00 30 0e 00 00 32 30 36 fe
[0014] [16250] HEX: 02
[0015] [16250] HEX: 30 36 36 00 0c 30 40 00 8c 30 00 80 32 00 32 30 00 30 82 40 00 30 0e 00 00 32 30 76 fe
[0016] [16250] HEX: 02
[0017] [16250] HEX: 30 36 26 00 0c 30 40 00 8c 30 00 80 32 00 32 30 00 30 82 40 00 30 0e 00 00 32 30 36 fe
[0018] [16250] HEX: 02
[0019] [16250] HEX: 30 36 26 00 0c 30 40 00 0c 30 00 80 32 00 32 30 00 30 82 40 00 30 0e 00 00 32 30 36 fe
[0020] [16250] HEX: 00
[0021] [16250] HEX: 82 02 30 00 7e 30 00 8c 30 00 80 32 00 32 30 00 30 82 40 00 30 0e 00 00 32 30 36 fe
[0022] [16250] HEX: 00
[0023] [16250] HEX: fe 00 fc 00 ff 00 c0 02 c8 00 30 82 40 00 30 0e 00 00 32 30 36 fe
[0024] [16250] HEX: 02
[0025] [16250] HEX: 30 36 26 00 0c 30 40 00 0c f0 00 e0 e3 ff ff fc 83 c0 fc fe fc f8 f8 f8
[0026] [16250] HEX: 02
[0027] [16250] HEX: 30 36 36 00 0c 30 40 00 8c 30 00 80 32 00 32 30 00 30 82 40 00 30 0e 00 00 80 b8 f8
[0028] [16250] HEX: 02
[0029] [16250] HEX: 30 36 26 00 0c 30 40 00 8c 30 00 80 32 00 32 30 00 30 82 40 00 30 0e 00 00 32 30 36 fe
[0030] [16250] HEX: 02
[0031] [16250] HEX: 30 36 26 00 0c 30 40 00 8c 30 00 80 32 00 32 30 00 30 82 40 00 30 0e 00 00 32 30 36 fe
[0032] [16250] HEX: 02
[0033] [16250] HEX: 30 36 26 00 0c 30 40 00 8c 30 00 80 32 00 32 30 00 30 82 40 00 30 0e 00 00 32 30 36 fe
[0034] [16250] HEX: 00
[0035] [16250] HEX: f0 00
[0036] [16250] HEX: 00
[0037] [16250] HEX: 00 80 06 98 02 02 00 30 82 40 00 30 0e 00 00 32 30 36 fe
[0038] [16250] HEX: 02
[0039] [16250] HEX: 30 36 26 00 0c 30 40 00 8c 00 80 fc f2 00 fe fe fe ff fc 64 80 f0
[0040] [16250] HEX: 02
[0041] [16250] HEX: 30 36 26 00 0c 30 40 00 8c 30 00 80 32 00 32 30 00 30 82 40 00 30 60 00 c0
[0042] [16250] HEX: 02
[0043] [16250] HEX: 30 36 26 00 0c 30 40 00 8c 30 00 80 32 00 32 30 00 30 82 40 00 30 0e 00 00 32 30 36 fe
[0044] [16250] HEX: 02
[0045] [16250] HEX: 30 36 26 00 0c 30 40 00 8c 30 00 80 32 00 32 30 00 30 82 40 00 30 0e 00 00 32 30 36 fe
[0046] [16250] HEX: 02
[0047] [16250] HEX: 30 36 26 00 0c 30 40 00 8c 30 00 80 32 00 32 30 00 30 82 40 00 30 0e 00 00 32 30 36 fe
[0048] [16250] HEX: 00
[0049] [16250] HEX: fe 00 ff 00 fc 00 80 32 00 32 30 00 30 82 40 00 30 0e 00 00 32 30 36 fe
[0050] [16250] HEX: 02
[0051] [16250] HEX: 30 36 26 00 0c 30 40 00 fc fe 0c f0 fe fe fe fc fc 0f 00 b0 c0 c8 f8
[0052] [16250] HEX: 02
[0053] [16250] HEX: 30 36 26 00 0c 30 40 00 8c 30 00 80 32 00 32 30 00 30 82 c0 c0 38 fe c0 c0 80 81
[0054] [16250] HEX: 02
[0055] [16250] HEX: 30 36 26 00 0c 30 40 00 8c 30 00 80 32 00 32 30 00 30 02 40 00 30 0e 00 00 32 30 36 fe
[0056] [16250] HEX: 02
[0057] [16250] HEX: 30 36 26 00 0c 30 40 00 8c 30 00 80 32 00 32 30 00 30 82 40 00 30 0e 00 00 32 30 36 fe
[0058] [16250] HEX: 02
[0059] [16250] HEX: 30 36 26 00 0c 30 40 00 8c 30 00 80 32 00 32 30 00 30 82 40 00 30 0e 00 00 32 30 36 fe
[0060] [16250] HEX: 00
[0061] [16250] HEX: fc 00 03 cc 00 8c 30 00 80 32 00 32 30 00 30 82 40 00 30 0e 00 00 32 30 36 fe
[0062] [16250] HEX: 02
[0063] [16250] HEX: f0 fe 1f 80 fc ff ff ff 03 80 f8 f8 f8 d8 00 7b 00 00 32 30 36 fe
[0064] [16250] HEX: 02
[0065] [16250] HEX: 30 36 26 00 0c 30 40 00 8c 30 00 80 32 00 32 30 00 bc 70 f0 00 fc 00 00 f2 ff
[0066] [16250] HEX: 02
[0067] [16250] HEX: 30 36 26 00 0c 30 40 00 8c 30 00 80 32 00 32 30 00 30 82 40 00 30 0e 00 00 32 30 36 fe
[0068] [16250] HEX: 02
[0069] [16250] HEX: 30 36 26 00 0c 30 40 00 8c 30 00 80 32 00 32 30 00 30 82 40 00 30 0e 00 00 32 30 36 fe
[0070] [16250] HEX: 02
[0071] [16250] HEX: 30 36 26 00 0c 30 40 00 8c 30 00 80 32 00 32 30 00 30 82 40 00 30 0e 00 00 32 30 36 fe
[0072] [16250] HEX: fe
[0073] [16250] HEX: b0 f0 23 80 7f 18 00 8c 30 00 80 32 00 32 30 00 30 82 40 00 30 0e 00 00 32 30 36 fe
[0074] [16250] HEX: 03
[0075] [16250] HEX: 10 7f fe fc f0 0c 00 f0 e0 fe e0 e0 60 8c 40 00 30 0e 00 00 32 30 36 fe
[0076] [16250] HEX: 02
[0077] [16250] HEX: 30 36 26 00 0c 30 40 00 8c 30 00 80 32 00 f0 00 ff ff 00 63 00 00 fe fc
[0078] [16250] HEX: 02
[0079] [16250] HEX: 30 36 36 00 0c 30 40 00 8c 30 00 80 32 00 32 30 00 30 82 40 00 30 0e 00 00 32 30 36 fe
[0080] [16250] HEX: 02
[0081] [16250] HEX: 30 36 26 00 0c 30 40 00 8c 30 00 80 32 00 32 30 00 30 82 40 00 30 0e 00 00 32 30 36 fe
[0082] [16250] HEX: 02
[0083] [16250] HEX: 30 36 26 00 0c 30 40 00 8c 30 00 80 32 00 32 30 00 30 82 40 00 30 0e 00 00 32 30 36 fe
[0084] [16250] HEX: 0c
[0085] [16250] HEX: b0 00 0c 30 40 00 8c 30 00 80 32 00 32 30 00 30 82 40 00 30 0e 00 00 32 30 36 fe
[0086] [16250] HEX: f0
[0087] [16250] HEX: c1 20 03 fc c0 e0 ff 80 fe 00 f2 00 86 82 40 00 30 0e 00 00 32 30 36 fe
[0088] [16250] HEX: 02
[0089] [16250] HEX: 30 36 26 00 0c 30 40 00 8c 30 00 60 03 7c 00 f0 38 c8 f0 00 00 fe f0
[0090] [16250] HEX: 02
[0091] [16250] HEX: 30 36 26 00 0c 30 40 00 8c 30 00 80 32 00 32 30 00 30 82 40 00 30 0e 00 00 fe 08 f8
[0092] [16250] HEX: 02
[0093] [16250] HEX: 30 36 36 00 0c 30 40 00 8c 30 00 80 32 00 32 30 00 30 82 40 00 30 0e 00 00 32 30 36 fe
[0094] [16250] HEX: 02
[0095] [16250] HEX: 30 36 26 00 0c 30 40 00 8c 30 00 80 32 00 32 30 00 30 82 40 00 30 0e 00 00 32 30 36 fe
[0096] [16250] HEX: 02
[0097] [16250] HEX: 30 36 26 00 0c 30 40 00 8c 30 00 80 32 00 32 30 00 30 82 40 00 30 0e 00 00 32 30 36 fe
[0098] [16250] HEX: 80
[0099] [16250] HEX: f0 00 00 00 fc 00 80 02 4c 80 00 30 82 40 00 30 0e 00 00 32 30 36 fe
[0100] [16250] HEX: 02
[0101] [16250] HEX: 30 36 26 00 0c 30 40 00 8c 00 80 fc f3 00 fe fe fe ff fe 26 80 f0
[0102] [16250] HEX: 02
[0103] [16250] HEX: 30 36 26 00 0c 30 40 00 8c 30 00 80 32 00 32 30 00 30 82 40 00 30 40 00 c0
[0104] [16250] HEX: 02
[0105] [16250] HEX: 30 36 26 00 0c 30 40 00 8c 30 00 80 32 00 32 30 00 30 82 40 00 30 0e 00 00 32 30 36 fe
[0106] [16250] HEX: 02
[0107] [16250] HEX: 30 36 26 00 0c 30 40 00 8c 30 00 80 32 00 32 30 00 30 82 40 00 30 0e 00 00 32 30 36 fe
[0108] [16250] HEX: 02
[0109] [16250] HEX: 30 36 26 00 0c 30 40 00 8c 30 00 80 32 00 32 30 00 30 82 40 00 30 0e 00 00 32 30 36 fe
[0110] [16250] HEX: 00
[0111] [16250] HEX: fe 00 fc 3f 18 00 8c 30 00 80 32 00 32 30 00 30 82 40 00 30 0e 00 00 32 30 36 fe

