[0001] [16250] HEX: 00
[0002] [16250] HEX: 02
[0003] [16250] HEX: 30 36 26 00 0c 30 02 02 c0 fc 30 00 40 3e 00 32 30 00 30 82 40 00 30 0e 00 00 32 30 82
[0004] [16250] HEX: 02
[0005] [16250] HEX: 30 36 26 00 0c 30 02 02 c0 fc 30 00 40 3e 00 32 30 00 30 82 40 00 30 0e 00 00 32 30 82
[0006] [16250] HEX: 02
[0007] [16250] HEX: 30 36 26 00 0c 30 02 02 c0 fc 30 00 40 3e 00 32 30 00 30 82 40 00 30 0e 00 00 32 30 82
[0008] [16250] HEX: 02
[0009] [16250] HEX: 30 36 26 00 0c 30 02 02 c0 fc 30 00 40 3e 00 32 30 00 30 82 40 00 30 0e 00 00 32 30 82
[0010] [16250] HEX: 02
[0011] [16250] HEX: 30 36 26 00 0c 30 02 02 c0 fc 30 00 40 3e 00 32 30 00 30 82 40 00 30 0e 00 00 32 30 82
[0012] [16250] HEX: 02
[0013] [16250] HEX: 30 36 26 00 0c 30 02 02 c0 fc 30 00 40 3e 00 32 30 00 30 82 40 00 30 0e 00 00 32 30 82
[0014] [16250] HEX: 02
[0015] [16250] HEX: 30 36 26 00 0c 30 02 02 c0 fc 30 00 40 3e 00 32 30 00 30 82 40 00 30 0e 00 00 32 30 82
[0016] [16250] HEX: 02
[0017] [16250] HEX: 30 36 26 00 0c 30 02 02 c0 fc 30 00 40 3e 00 32 30 00 30 82 40 00 30 0e 00 00 32 30 02
[0018] [16250] HEX: 02
[0019] [16250] HEX: 30 36 26 00 0c 30 02 02 c0 fc 30 00 40 3e 00 32 30 00 30 82 40 00 30 0e 00 00 32 30 82

[0020] [16250] HEX: c3
[0021] [16250] HEX: cf 01 18 00 32 30 00 fc 30 00 40 3e 00 32 30 00 30 82 40 00 30 0e 00 00 32 30 82
[0022] [16250] HEX: fe
[0023] [16250] HEX: f8 c6 00 f8 fc f0 f0 fe b0 02 fe c0 18 82 40 00 30 0e 00 00 32 30 82
[0024] [16250] HEX: 02
[0025] [16250] HEX: 30 36 26 00 0c 30 02 02 c0 fc 30 00 7c 0e f8 80 00 fc 40 00 ff 00 00 ff fe
[0026] [16250] HEX: 02
[0027] [16250] HEX: 30 36 26 00 0c 30 02 02 c0 fc 30 00 40 3e 00 32 30 00 30 82 40 00 30 0e 00 00 3e 70 83

[0028] [16250] HEX: 02
[0029] [16250] HEX: 30 36 26 00 0c 30 02 02 c0 fc 30 00 40 3e 00 32 30 00 30 82 40 00 30 0e 00 00 32 30 82
[0030] [16250] HEX: 02
[0031] [16250] HEX: 30 36 26 00 0c 30 02 02 c0 fc 30 00 40 3e 00 32 30 00 30 82 40 00 30 0e 00 00 32 30 82
[0032] [16250] HEX: 02
[0033] [16250] HEX: 30 36 26 00 0c 30 02 02 c0 fc 30 00 40 3e 00 32 30 00 30 82 40 00 30 0e 00 00 32 30 82

[0034] [16250] HEX: fe
[0035] [16250] HEX: b0 f0 ff ff ff fe 02 fc f8 0f 01 80 18 82 40 00 30 0e 00 00 32 30 82
[0036] [16250] HEX: 02
[0037] [16250] HEX: 30 36 26 00 0c 30 02 02 c0 fc 30 00 fe f0 c0 20 c6 c0 80 fc 80 80 80 cc
[0038] [16250] HEX: 02
[0039] [16250] HEX: 30 36 26 00 0c 30 02 02 c0 fc 30 00 40 3e 00 32 30 00 30 82 40 00 30 0e 00 00 02 fe

[0040] [16250] HEX: 02
[0041] [16250] HEX: 30 36 36 00 0c 30 02 02 c0 fc 30 00 40 3e 00 32 30 00 30 82 40 00 30 0e 00 00 32 30 82
[0042] [16250] HEX: 02
[0043] [16250] HEX: 30 36 26 00 0c 30 02 02 c0 fc 30 00 40 3e 00 32 30 00 30 82 40 00 30 0e 00 00 32 30 82
[0044] [16250] HEX: 02
[0045] [16250] HEX: 30 36 26 00 0c 30 02 02 c0 fc 30 00 40 3e 00 32 30 00 30 82 40 00 30 0e 00 00 32 30 82

[0046] [16250] HEX: fe
[0047] [16250] HEX: f0 fe fc fe 00 fc f0 06 0c 30 02 02 00 30 82 40 00 30 0e 00 00 32 30 82
[0048] [16250] HEX: 02
[0049] [16250] HEX: 30 36 26 00 0c 30 0c 00 f8 f8 fe 98 03 ff e0 ff e0 c0 fe c0 00 80 82
[0050] [16250] HEX: 02
[0051] [16250] HEX: 30 36 26 00 0c 30 02 02 c0 fc 30 00 40 3e 00 32 30 00 30 82 40 00 fe 00 00 ff f9

[0052] [16250] HEX: 02
[0053] [16250] HEX: 30 36 36 00 0c 30 02 02 c0 fc 30 00 40 3e 00 32 30 00 30 82 40 00 30 0e 00 00 32 30 82
[0054] [16250] HEX: 02
[0055] [16250] HEX: 30 36 26 00 0c 30 02 02 c0 fc 30 00 40 3e 00 32 30 00 30 82 40 00 30 0e 00 00 32 30 82
[0056] [16250] HEX: 02
[0057] [16250] HEX: 30 36 26 00 0c 30 02 02 c0 fc 30 00 40 3e 00 32 30 00 30 82 40 00 30 0e 00 00 32 30 82

[0058] [16250] HEX: ff
[0059] [16250] HEX: f8 ff fc 32 f0 fe 06 00 40 3e 00 32 30 00 30 82 40 00 30 0e 00 00 32 30 82
[0060] [16250] HEX: 02
[0061] [16250] HEX: 30 36 fe ce 00 fe fe ff f8 06 e3 f8 f0 f0 f0 30 c6 c0 00 32 30 82
[0062] [16250] HEX: 02
[0063] [16250] HEX: 30 36 26 00 0c 30 02 02 c0 fc 30 00 40 3e 00 32 30 00 30 f8 00 fc 00 00 80 cc

[0064] [16250] HEX: 02
[0065] [16250] HEX: 30 36 26 00 0c 30 02 02 c0 fc 30 00 40 3e 00 32 30 00 30 82 40 00 30 0e 00 00 32 30 82
[0066] [16250] HEX: 02
[0067] [16250] HEX: 30 36 26 00 0c 30 02 02 c0 fc 30 00 40 3e 00 32 30 00 30 82 40 00 30 0e 00 00 32 30 82
[0068] [16250] HEX: 02
[0069] [16250] HEX: 30 36 26 00 0c 30 02 02 c0 fc 30 00 40 3e 00 32 30 00 30 82 40 00 30 0e 00 00 32 30 82

[0070] [16250] HEX: 00
[0071] [16250] HEX: fc 00 fc 32 30 00 fc 30 00 40 3e 00 32 30 00 30 82 40 00 30 0e 00 00 32 30 82
[0072] [16250] HEX: 00
[0073] [16250] HEX: f6 ff ff fe fc f0 fc fc fc fc 82 c0 20 8c 07 00 00 32 30 82
[0074] [16250] HEX: 02
[0075] [16250] HEX: 30 36 26 00 0c 30 02 02 c0 fc 30 00 40 3e 00 32 f0 c0 38 c0 c0 fc 80 00 80 ff

[0076] [16250] HEX: 02
[0077] [16250] HEX: 30 36 26 00 0c 30 02 02 c0 fc 30 00 40 3e 00 32 30 00 30 82 40 00 30 0e 00 00 32 30 82
[0078] [16250] HEX: 02
[0079] [16250] HEX: 30 36 26 00 0c 30 02 02 c0 fc 30 00 40 3e 00 32 30 00 30 82 40 00 30 0e 00 00 32 30 82
[0080] [16250] HEX: 02
[0081] [16250] HEX: 30 36 26 00 0c 30 02 02 c0 fc 30 00 40 3e 00 32 30 00 30 82 40 00 30 0e 00 00 32 30 82

[0082] [16250] HEX: 00
[0083] [16250] HEX: f0 00 0c 30 02 02 c0 fc 30 00 40 3e 00 32 30 00 30 82 40 00 30 0e 00 00 32 30 82
[0084] [16250] HEX: 02
[0085] [16250] HEX: 30 fe fe e1 32 f0 fe fe fe 06 00 c3 60 00 30 0e 00 00 32 30 82
[0086] [16250] HEX: 02
[0087] [16250] HEX: 30 36 26 00 0c 30 02 02 c0 fc 30 00 40 fe 60 e0 e0 ff c0 40 8c 00 00 80 ff
[0088] [16250] HEX: 02
[0089] [16250] HEX: 30 36 26 00 0c 30 02 02 c0 fc 30 00 40 3e 00 32 30 00 30 82 40 00 30 0e 00 00 32 30 f0

[0090] [16250] HEX: 02
[0091] [16250] HEX: 30 36 26 00 0c 30 02 02 c0 fc 30 00 40 3e 00 32 30 00 30 82 40 00 30 0e 00 00 32 30 82
[0092] [16250] HEX: 02
[0093] [16250] HEX: 30 36 26 00 0c 30 02 02 c0 fc 30 00 40 3e 00 32 30 00 30 82 40 00 30 0e 00 00 32 30 82
[0094] [16250] HEX: 00
[0095] [16250] HEX: b0 b0 00 0c 30 02 02 c0 fc 30 00 40 3e 00 32 30 00 30 82 40 00 30 0e 00 00 32 30 82

[0096] [16250] HEX: fe
[0097] [16250] HEX: c1 02 f0 ff ff fe fe 0c f0 38 00 30 82 40 00 30 0e 00 00 32 30 82
[0098] [16250] HEX: 02
[0099] [16250] HEX: 30 36 26 00 0c 30 02 02 c0 fc f0 20 38 e0 e0 80 6f 1c fc 80 fc 00 00 80 c1
[0100] [16250] HEX: 02
[0101] [16250] HEX: 30 36 26 00 0c 30 02 02 c0 fc 30 00 40 3e 00 32 30 00 30 82 40 00 30 0e 00 00 02 ce

[0102] [16250] HEX: 02
[0103] [16250] HEX: 30 36 26 00 0c 30 02 02 c0 fc 30 00 40 3e 00 32 30 00 30 82 40 00 30 0e 00 00 32 30 82
[0104] [16250] HEX: 02
[0105] [16250] HEX: 30 36 26 00 0c 30 02 02 c0 fc 30 00 40 3e 00 32 30 00 30 82 40 00 30 0e 00 00 32 30 82
[0106] [16250] HEX: 02
[0107] [16250] HEX: 30 36 26 00 0c 30 02 02 c0 fc 30 00 40 3e 00 32 30 00 30 82 40 00 30 0e 00 00 32 30 82
